##FastQC	0.11.9
>>Basic Statistics	pass
#Measure	Value
Filename	SRR925780_1.bam
File type	Conventional base calls
Encoding	Sanger / Illumina 1.9
Total Sequences	12734154
Sequences flagged as poor quality	0
Sequence length	90-108
%GC	51
>>END_MODULE
>>Per base sequence quality	pass
#Base	Mean	Median	Lower Quartile	Upper Quartile	10th Percentile	90th Percentile
1	30.0	30.0	30.0	30.0	30.0	30.0
2	30.0	30.0	30.0	30.0	30.0	30.0
3	30.0	30.0	30.0	30.0	30.0	30.0
4	30.0	30.0	30.0	30.0	30.0	30.0
5	30.0	30.0	30.0	30.0	30.0	30.0
6	30.0	30.0	30.0	30.0	30.0	30.0
7	30.0	30.0	30.0	30.0	30.0	30.0
8	30.0	30.0	30.0	30.0	30.0	30.0
9	30.0	30.0	30.0	30.0	30.0	30.0
10-11	30.0	30.0	30.0	30.0	30.0	30.0
12-13	30.0	30.0	30.0	30.0	30.0	30.0
14-15	30.0	30.0	30.0	30.0	30.0	30.0
16-17	30.0	30.0	30.0	30.0	30.0	30.0
18-19	30.0	30.0	30.0	30.0	30.0	30.0
20-21	30.0	30.0	30.0	30.0	30.0	30.0
22-23	30.0	30.0	30.0	30.0	30.0	30.0
24-25	30.0	30.0	30.0	30.0	30.0	30.0
26-27	30.0	30.0	30.0	30.0	30.0	30.0
28-29	30.0	30.0	30.0	30.0	30.0	30.0
30-31	30.0	30.0	30.0	30.0	30.0	30.0
32-33	30.0	30.0	30.0	30.0	30.0	30.0
34-35	30.0	30.0	30.0	30.0	30.0	30.0
36-37	30.0	30.0	30.0	30.0	30.0	30.0
38-39	30.0	30.0	30.0	30.0	30.0	30.0
40-41	30.0	30.0	30.0	30.0	30.0	30.0
42-43	30.0	30.0	30.0	30.0	30.0	30.0
44-45	30.0	30.0	30.0	30.0	30.0	30.0
46-47	30.0	30.0	30.0	30.0	30.0	30.0
48-49	30.0	30.0	30.0	30.0	30.0	30.0
50-51	30.0	30.0	30.0	30.0	30.0	30.0
52-53	30.0	30.0	30.0	30.0	30.0	30.0
54-55	30.0	30.0	30.0	30.0	30.0	30.0
56-57	30.0	30.0	30.0	30.0	30.0	30.0
58-59	30.0	30.0	30.0	30.0	30.0	30.0
60-61	30.0	30.0	30.0	30.0	30.0	30.0
62-63	30.0	30.0	30.0	30.0	30.0	30.0
64-65	30.0	30.0	30.0	30.0	30.0	30.0
66-67	30.0	30.0	30.0	30.0	30.0	30.0
68-69	30.0	30.0	30.0	30.0	30.0	30.0
70-71	30.0	30.0	30.0	30.0	30.0	30.0
72-73	30.0	30.0	30.0	30.0	30.0	30.0
74-75	30.0	30.0	30.0	30.0	30.0	30.0
76-77	30.0	30.0	30.0	30.0	30.0	30.0
78-79	30.0	30.0	30.0	30.0	30.0	30.0
80-81	30.0	30.0	30.0	30.0	30.0	30.0
82-83	30.0	30.0	30.0	30.0	30.0	30.0
84-85	30.0	30.0	30.0	30.0	30.0	30.0
86-87	30.0	30.0	30.0	30.0	30.0	30.0
88-89	30.0	30.0	30.0	30.0	30.0	30.0
90-91	30.0	30.0	30.0	30.0	30.0	30.0
92-93	30.0	30.0	30.0	30.0	30.0	30.0
94-95	30.0	30.0	30.0	30.0	30.0	30.0
96-97	30.0	30.0	30.0	30.0	30.0	30.0
98-99	30.0	30.0	30.0	30.0	30.0	30.0
100-101	30.0	30.0	30.0	30.0	30.0	30.0
102-103	30.0	30.0	30.0	30.0	30.0	30.0
104-105	30.0	30.0	30.0	30.0	30.0	30.0
106-107	30.0	30.0	30.0	30.0	30.0	30.0
108	30.0	30.0	30.0	30.0	30.0	30.0
>>END_MODULE
>>Per sequence quality scores	pass
#Quality	Count
30	1.2734154E7
>>END_MODULE
>>Per base sequence content	pass
#Base	G	A	T	C
1	22.71490086135522	26.396870039737507	25.291390432332715	25.596838666574563
2	26.67616436531633	27.10622305016228	23.35342268583515	22.86418989868624
3	25.979281735199045	24.392366687246614	24.178939378257304	25.449412199297033
4	25.493076425923295	24.222080519678375	24.24842724573446	26.03641580866387
5	25.218205208466017	24.34009150538467	25.204894506205928	25.236808779943388
6	25.385615125407668	23.7614446912888	24.35317223794121	26.499767945362322
7	25.448345801649484	23.900067409320958	24.662537191349493	25.989049597680065
8	24.714147693545314	24.134217143230494	25.07427491404779	26.077360249176408
9	24.94944850595392	23.74822768413336	25.065059845477222	26.2372639644355
10-11	24.82856841977467	24.2209984554058	24.927519353759816	26.022913771059713
12-13	24.866065218090387	24.004601978021277	25.09764439774041	26.031688406147925
14-15	24.8271835614687	24.027015474536565	25.079789069904578	26.066011894090156
16-17	24.872884854832435	24.028666347495534	25.001795386698415	26.096653410973612
18-19	24.912383437883186	23.910639018507602	24.94881336330393	26.22816418030528
20-21	25.04532731314577	23.92174080755493	24.89950560874456	26.133426270554743
22-23	24.977603340714598	24.06340029348105	24.826143183758937	26.13285318204542
24-25	25.085876244754974	23.978313975691805	24.756298841242995	26.179510938310223
26-27	25.141852899560117	24.073273793883228	24.70234332336053	26.082529983196125
28-29	25.12227081403739	24.105074557845505	24.701131277460522	26.07152335065659
30-31	25.335680780306706	24.060163723272513	24.577660628855845	26.026494867564935
32-33	25.19726085376562	24.06262308428419	24.650481873745196	26.08963418820499
34-35	25.286859085945814	24.112796661146024	24.61652313364768	25.98382111926048
36-37	25.39490193438128	24.06635629877306	24.50040599057278	26.03833577627288
38-39	25.365185438664717	24.063789897575838	24.523885384241737	26.047139279517705
40-41	25.421513593900347	24.219103366174902	24.49536927842261	25.864013761502143
42-43	25.498235331797314	24.06961450026349	24.43763457044152	25.994515597497674
44-45	25.47597457192788	24.126904385644423	24.47312023372999	25.924000808697713
46-47	25.52915070229607	24.21758995668045	24.394386158619533	25.858873182403947
48-49	25.575671347660332	24.113492655500735	24.40771834516061	25.903117651678322
50-51	25.52092222587084	24.202576205480096	24.41146474252214	25.865036826126925
52-53	25.606813246802083	24.25754556687502	24.362997958816006	25.77264322750689
54-55	25.664562822915016	24.21155021585974	24.292510646876796	25.831376314348446
56-57	25.69092970316457	24.256295272740427	24.316360729342104	25.736414294752898
58-59	25.767859193888764	24.346139404618366	24.251838854822804	25.634162546670066
60-61	25.7447341170134	24.28698238395143	24.20666668659189	25.761616812443282
62-63	25.809873658301992	24.337878915221093	24.21418831962955	25.638059106847365
64-65	25.890038522813313	24.441637338457394	24.143469230583296	25.524854908145993
66-67	25.903762507404732	24.367181765759586	24.142896140257577	25.586159586578106
68-69	25.957799659016246	24.391158068774686	24.110101118316198	25.54094115389287
70-71	26.000974288480528	24.46425062710615	24.0701872096615	25.464587874751825
72-73	26.012029496578975	24.454557436686436	24.031785533169785	25.501627533564804
74-75	26.144816196003813	24.48609912754	23.982971651825245	25.38611302463094
76-77	26.15800113075824	24.601459713251874	23.926971167870647	25.31356798811924
78-79	26.193501680933913	24.533937910700622	23.88439592895076	25.388164479414705
80-81	26.338121372147246	24.645644079108727	23.806124097904448	25.21011045083958
82-83	26.338240273760672	24.738571522279596	23.776339487183325	25.14684871677641
84-85	26.44443897468211	24.927192978137906	23.573710353111448	25.05465769406853
86-87	26.609492546438236	25.085207276434595	23.480094961931854	24.82520521519531
88-89	26.68384658662642	25.214112142014862	23.395495350769675	24.706545920589047
90-91	27.105680818355104	24.80288572418904	23.189237576337387	24.90219588111847
92-93	26.467109338313694	24.53918657496164	23.685555855828134	25.30814823089653
94-95	26.507442822461375	24.595866528323185	23.635159055683587	25.261531593531856
96-97	26.50173867683051	24.678325946852507	23.54593782628973	25.273997550027254
98-99	26.59260405768086	24.883019805977206	23.434658098225505	25.08971803811643
100-101	26.604563041782164	25.384689155918096	23.28136300760898	24.72938479469076
102-103	26.823216259880343	25.81277116807486	22.989540163286453	24.37447240875834
104-105	27.091336023646186	25.966342771747613	22.87142282620113	24.07089837840507
106-107	27.708066547043835	26.02161205174677	22.43198214387553	23.838339257333867
108	28.56332323480809	26.314301223053516	21.681641763507333	23.440733778631056
>>END_MODULE
>>Per sequence GC content	pass
#GC Content	Count
0	62.0
1	45.0
2	24.0
3	20.5
4	22.5
5	27.0
6	27.5
7	39.5
8	57.5
9	86.0
10	125.0
11	178.0
12	269.0
13	378.5
14	492.5
15	589.0
16	699.0
17	823.0
18	1018.0
19	1289.0
20	1444.5
21	1667.5
22	2216.0
23	3152.5
24	4524.0
25	6724.5
26	10082.0
27	14577.0
28	20364.5
29	28124.5
30	34312.5
31	42418.5
32	57194.5
33	75671.5
34	97032.5
35	121922.0
36	150690.0
37	183606.0
38	220622.0
39	262229.0
40	293066.0
41	322321.0
42	361393.0
43	394484.5
44	422079.5
45	451465.0
46	480436.0
47	500573.5
48	512556.0
49	519204.0
50	526371.0
51	538302.5
52	541855.5
53	537374.5
54	539833.5
55	542140.5
56	537143.0
57	519719.5
58	491384.5
59	458597.5
60	431902.5
61	400781.5
62	352229.5
63	301384.0
64	250812.0
65	202301.0
66	161213.0
67	127915.0
68	99801.0
69	75458.5
70	60019.0
71	47612.0
72	34285.0
73	24997.5
74	18449.5
75	13680.0
76	10195.0
77	7685.0
78	5851.0
79	4482.5
80	3664.5
81	3042.0
82	2280.5
83	1680.0
84	1264.0
85	979.0
86	745.5
87	559.5
88	363.0
89	248.0
90	220.5
91	174.0
92	108.0
93	66.0
94	43.5
95	29.5
96	17.0
97	7.0
98	4.0
99	2.0
100	1.0
>>END_MODULE
>>Per base N content	pass
#Base	N-Count
1	0.07776723918997681
2	0.00426412308191027
3	5.96820173527036E-4
4	9.737592304914798E-4
5	3.1411588080370315E-4
6	6.596433496877766E-4
7	7.852897020092579E-5
8	3.376745718639809E-4
9	8.559657751900911E-4
10-11	5.104383063060177E-4
12-13	5.065118577959714E-4
14-15	0.002096723504364719
16-17	0.0010090972670818966
18-19	9.22715399860878E-4
20-21	8.638186722101837E-4
22-23	8.79524466250369E-4
24-25	0.003321775439499161
26-27	0.001476344639777405
28-29	0.012226960660284145
30-31	0.02481515458349255
32-33	0.0318513503134955
34-35	0.07686415603266616
36-37	0.10051315540867496
38-39	0.10542514249474289
40-41	0.08279309328283606
42-43	0.08480343491997977
44-45	0.09789421425247409
46-47	0.08661745413162115
48-49	0.10316350815295622
50-51	0.10972853006175362
52-53	0.13754349130692153
54-55	0.16611625711452838
56-57	0.14809778490192596
58-59	0.144709259837756
60-61	0.15668100134488713
62-63	0.11714166484872102
64-65	0.0979374051860846
66-67	0.17813511600378007
68-69	0.23812339634026727
70-71	0.3041858925217961
72-73	0.32213368866121767
74-75	0.32079084327078183
76-77	0.31424938005304476
78-79	0.3236178861980152
80-81	0.32904423803889915
82-83	0.33591944937999024
84-85	0.2991286268408565
86-87	0.29769154668617953
88-89	0.3268611326673134
90-91	0.41643645808564966
92-93	0.6482224681566839
94-95	0.7034331117984797
96-97	0.785410034978925
98-99	0.8133393434236613
100-101	0.8170194991764924
102-103	0.8407868256073046
104-105	0.745410147958876
106-107	0.654918191716011
108	0.5824282614695003
>>END_MODULE
>>Sequence Length Distribution	warn
#Length	Count
90	6715387.0
91	0.0
92	0.0
93	0.0
94	0.0
95	0.0
96	0.0
97	0.0
98	0.0
99	0.0
100	0.0
101	0.0
102	0.0
103	0.0
104	0.0
105	0.0
106	0.0
107	0.0
108	6018767.0
>>END_MODULE
>>Sequence Duplication Levels	pass
#Total Deduplicated Percentage	77.23616826562167
#Duplication Level	Percentage of deduplicated	Percentage of total
1	82.47358182996402	63.69943443687619
2	11.401288536660273	17.611836797247925
3	3.414397419780136	7.911449209195292
4	1.3536287034445487	4.181963772336738
5	0.6221068267963196	2.402457377681625
6	0.33450955148277334	1.5501741602868668
7	0.16864675765533216	0.9117940546203127
8	0.08740658938273335	0.5400760036071115
9	0.05433061055712486	0.37766593610676513
>10	0.09007206761715696	0.811658665340593
>50	3.110665959235006E-5	0.0014895867005628215
>100	0.0	0.0
>500	0.0	0.0
>1k	0.0	0.0
>5k	0.0	0.0
>10k+	0.0	0.0
>>END_MODULE
>>Overrepresented sequences	pass
>>END_MODULE
>>Adapter Content	pass
#Position	Illumina Universal Adapter	Illumina Small RNA 3' Adapter	Illumina Small RNA 5' Adapter	Nextera Transposase Sequence	SOLID Small RNA Adapter
1	0.0	7.85289702009258E-6	0.0	0.0	0.0
2	0.0	7.85289702009258E-6	0.0	0.0	1.570579404018516E-5
3	0.0	7.85289702009258E-6	0.0	0.0	2.355869106027774E-5
4	0.0	1.570579404018516E-5	0.0	0.0	2.355869106027774E-5
5	0.0	1.570579404018516E-5	0.0	0.0	2.355869106027774E-5
6	0.0	1.570579404018516E-5	0.0	0.0	3.9264485100462894E-5
7	0.0	2.355869106027774E-5	0.0	7.85289702009258E-6	4.711738212055548E-5
8	0.0	3.141158808037032E-5	0.0	7.85289702009258E-6	4.711738212055548E-5
9	0.0	3.9264485100462894E-5	0.0	7.85289702009258E-6	5.497027914064805E-5
10-11	0.0	6.282317616074064E-5	0.0	7.85289702009258E-6	7.067607318083322E-5
12-13	0.0	7.067607318083322E-5	0.0	1.177934553013887E-5	8.245541871097209E-5
14-15	0.0	8.638186722101837E-5	0.0	1.570579404018516E-5	8.638186722101837E-5
16-17	0.0	9.423476424111095E-5	0.0	1.570579404018516E-5	9.423476424111095E-5
18-19	0.0	9.423476424111095E-5	0.0	1.570579404018516E-5	1.0208766126120354E-4
20-21	0.0	1.0208766126120354E-4	0.0	1.570579404018516E-5	1.0601410977124982E-4
22-23	0.0	1.1386700679134239E-4	0.0	1.570579404018516E-5	1.099405582812961E-4
24-25	0.0	1.3349924934157384E-4	0.0	1.570579404018516E-5	1.099405582812961E-4
26-27	0.0	1.49205043381759E-4	0.0	1.963224255023145E-5	1.099405582812961E-4
28-29	0.0	1.570579404018516E-4	0.0	2.355869106027774E-5	1.099405582812961E-4
30-31	3.92644851004629E-6	1.8061663146212934E-4	0.0	2.355869106027774E-5	1.1386700679134239E-4
32-33	8.638186722101837E-5	1.8061663146212934E-4	0.0	2.355869106027774E-5	1.1779345530138869E-4
34-35	5.065118577959714E-4	1.8061663146212934E-4	0.0	2.355869106027774E-5	1.3349924934157384E-4
36-37	0.0014292272576568493	1.8061663146212934E-4	0.0	2.355869106027774E-5	1.49205043381759E-4
38-39	0.002764219751072588	1.8061663146212934E-4	0.0	2.355869106027774E-5	1.923959769922682E-4
40-41	0.004656767932914899	1.8061663146212934E-4	0.0	2.355869106027774E-5	1.9632242550231448E-4
42-43	0.007279635537625821	1.923959769922682E-4	0.0	2.355869106027774E-5	1.9632242550231448E-4
44-45	0.01078202760858711	1.9632242550231448E-4	0.0	2.355869106027774E-5	1.9632242550231448E-4
46-47	0.015509471614682843	2.0417532252240707E-4	0.0	2.355869106027774E-5	1.9632242550231448E-4
48-49	0.02236897716173371	2.0417532252240707E-4	0.0	2.355869106027774E-5	2.0810177103245336E-4
50-51	0.030810841458333234	2.0417532252240707E-4	0.0	2.355869106027774E-5	2.1202821954249964E-4
52-53	0.040678006564079564	2.0417532252240707E-4	0.0	2.355869106027774E-5	2.1202821954249964E-4
54-55	0.05446769373136213	2.0417532252240707E-4	0.0	2.355869106027774E-5	2.1202821954249964E-4
56-57	0.07250187173800474	2.0417532252240707E-4	0.0	2.355869106027774E-5	2.1202821954249964E-4
58-59	0.0975133487469996	2.0417532252240707E-4	0.0	2.355869106027774E-5	2.1202821954249964E-4
60-61	0.12780197255349668	2.0417532252240707E-4	0.0	2.7485139570324026E-5	2.1202821954249964E-4
62-63	0.1647851910696227	2.198811165625922E-4	0.0	3.9264485100462894E-5	2.1202821954249964E-4
64-65	0.21133323815622146	2.277340135826848E-4	0.0	3.9264485100462894E-5	2.1202821954249964E-4
66-67	0.263464695024106	2.277340135826848E-4	0.0	3.9264485100462894E-5	2.1202821954249964E-4
68-69	0.3262486066997462	2.3558691060277738E-4	0.0	3.9264485100462894E-5	2.1202821954249964E-4
70-71	0.39834212779270617	2.3558691060277738E-4	0.0	3.9264485100462894E-5	2.1202821954249964E-4
72-73	0.47913665878392864	2.3558691060277738E-4	0.0	3.9264485100462894E-5	2.1202821954249964E-4
74-75	0.5749262966350179	2.4736625613291626E-4	0.0	3.9264485100462894E-5	2.1202821954249964E-4
76-77	0.6748426318701659	2.5129270464296254E-4	0.0	3.9264485100462894E-5	2.1202821954249964E-4
78-79	0.8063550982656562	2.591456016630551E-4	0.0	3.9264485100462894E-5	2.1202821954249964E-4
80-81	0.8640032152901559	2.669984986831477E-4	0.0	4.711738212055548E-5	2.1202821954249964E-4
82-83	0.893785327238857	2.669984986831477E-4	0.0	4.711738212055548E-5	2.1202821954249964E-4
84-85	0.926948111354708	2.669984986831477E-4	0.0	4.711738212055548E-5	2.1595466805254593E-4
86-87	0.9646695021907227	2.669984986831477E-4	0.0	4.711738212055548E-5	2.198811165625922E-4
88-89	1.0100160560332474	2.669984986831477E-4	0.0	4.711738212055548E-5	2.198811165625922E-4
90-91	1.0601410977124983	2.748513957032403E-4	0.0	5.104383063060177E-5	2.198811165625922E-4
92-93	1.1131638583921633	2.748513957032403E-4	0.0	5.497027914064805E-5	2.198811165625922E-4
94-95	1.1761009015596953	2.748513957032403E-4	0.0	5.497027914064805E-5	2.238075650726385E-4
96-97	1.2898776000353067	2.748513957032403E-4	0.0	5.497027914064805E-5	2.316604620927311E-4
>>END_MODULE
