##FastQC	0.11.9
>>Basic Statistics	pass
#Measure	Value
Filename	SRR925780_5.bam
File type	Conventional base calls
Encoding	Sanger / Illumina 1.9
Total Sequences	3976243
Sequences flagged as poor quality	0
Sequence length	90-108
%GC	49
>>END_MODULE
>>Per base sequence quality	pass
#Base	Mean	Median	Lower Quartile	Upper Quartile	10th Percentile	90th Percentile
1	30.0	30.0	30.0	30.0	30.0	30.0
2	30.0	30.0	30.0	30.0	30.0	30.0
3	30.0	30.0	30.0	30.0	30.0	30.0
4	30.0	30.0	30.0	30.0	30.0	30.0
5	30.0	30.0	30.0	30.0	30.0	30.0
6	30.0	30.0	30.0	30.0	30.0	30.0
7	30.0	30.0	30.0	30.0	30.0	30.0
8	30.0	30.0	30.0	30.0	30.0	30.0
9	30.0	30.0	30.0	30.0	30.0	30.0
10-11	30.0	30.0	30.0	30.0	30.0	30.0
12-13	30.0	30.0	30.0	30.0	30.0	30.0
14-15	30.0	30.0	30.0	30.0	30.0	30.0
16-17	30.0	30.0	30.0	30.0	30.0	30.0
18-19	30.0	30.0	30.0	30.0	30.0	30.0
20-21	30.0	30.0	30.0	30.0	30.0	30.0
22-23	30.0	30.0	30.0	30.0	30.0	30.0
24-25	30.0	30.0	30.0	30.0	30.0	30.0
26-27	30.0	30.0	30.0	30.0	30.0	30.0
28-29	30.0	30.0	30.0	30.0	30.0	30.0
30-31	30.0	30.0	30.0	30.0	30.0	30.0
32-33	30.0	30.0	30.0	30.0	30.0	30.0
34-35	30.0	30.0	30.0	30.0	30.0	30.0
36-37	30.0	30.0	30.0	30.0	30.0	30.0
38-39	30.0	30.0	30.0	30.0	30.0	30.0
40-41	30.0	30.0	30.0	30.0	30.0	30.0
42-43	30.0	30.0	30.0	30.0	30.0	30.0
44-45	30.0	30.0	30.0	30.0	30.0	30.0
46-47	30.0	30.0	30.0	30.0	30.0	30.0
48-49	30.0	30.0	30.0	30.0	30.0	30.0
50-51	30.0	30.0	30.0	30.0	30.0	30.0
52-53	30.0	30.0	30.0	30.0	30.0	30.0
54-55	30.0	30.0	30.0	30.0	30.0	30.0
56-57	30.0	30.0	30.0	30.0	30.0	30.0
58-59	30.0	30.0	30.0	30.0	30.0	30.0
60-61	30.0	30.0	30.0	30.0	30.0	30.0
62-63	30.0	30.0	30.0	30.0	30.0	30.0
64-65	30.0	30.0	30.0	30.0	30.0	30.0
66-67	30.0	30.0	30.0	30.0	30.0	30.0
68-69	30.0	30.0	30.0	30.0	30.0	30.0
70-71	30.0	30.0	30.0	30.0	30.0	30.0
72-73	30.0	30.0	30.0	30.0	30.0	30.0
74-75	30.0	30.0	30.0	30.0	30.0	30.0
76-77	30.0	30.0	30.0	30.0	30.0	30.0
78-79	30.0	30.0	30.0	30.0	30.0	30.0
80-81	30.0	30.0	30.0	30.0	30.0	30.0
82-83	30.0	30.0	30.0	30.0	30.0	30.0
84-85	30.0	30.0	30.0	30.0	30.0	30.0
86-87	30.0	30.0	30.0	30.0	30.0	30.0
88-89	30.0	30.0	30.0	30.0	30.0	30.0
90-91	30.0	30.0	30.0	30.0	30.0	30.0
92-93	30.0	30.0	30.0	30.0	30.0	30.0
94-95	30.0	30.0	30.0	30.0	30.0	30.0
96-97	30.0	30.0	30.0	30.0	30.0	30.0
98-99	30.0	30.0	30.0	30.0	30.0	30.0
100-101	30.0	30.0	30.0	30.0	30.0	30.0
102-103	30.0	30.0	30.0	30.0	30.0	30.0
104-105	30.0	30.0	30.0	30.0	30.0	30.0
106-107	30.0	30.0	30.0	30.0	30.0	30.0
108	30.0	30.0	30.0	30.0	30.0	30.0
>>END_MODULE
>>Per sequence quality scores	pass
#Quality	Count
30	3976243.0
>>END_MODULE
>>Per base sequence content	pass
#Base	G	A	T	C
1	22.164161711205825	27.470980791118578	25.929321947980622	24.43553554969497
2	25.54122799318025	28.361481120807667	24.282455885759326	21.81483500025276
3	24.858728928799483	25.540356031518368	25.131751982598555	24.4691630570836
4	24.63820966662123	25.280355756931623	25.212854088252147	24.868580488195004
5	24.379022340256977	25.50056209022114	26.00518581671583	24.11522975280605
6	24.45345581509633	24.944274838533467	25.189835247676744	25.412434098693453
7	24.626418237540108	25.031147531913334	25.53280261392804	24.80963161661852
8	23.82286620529115	25.36412668696397	25.90521766116916	24.907789446575723
9	23.978107752070947	24.942671423634916	25.976874414328044	25.102346409966092
10-11	23.99771038883402	25.321869684808767	25.875963634818085	24.804456291539125
12-13	23.915827690312756	25.139362729644667	26.034520938141192	24.91028864190138
14-15	23.944301167241484	25.147255417557023	26.000450936510628	24.90799247869086
16-17	24.031977767717922	25.096385996680247	25.957610281172975	24.91402595442885
18-19	24.086909907538825	24.96312128422811	25.895365925764224	25.054602882468846
20-21	24.14765961160395	25.00672124307662	25.86416072233809	24.981458422981344
22-23	24.18855252896172	25.062075646654332	25.751679305627967	24.997692518755986
24-25	24.2401774900817	24.992747307386782	25.681334983354958	25.08574021917656
26-27	24.321790989371433	25.066188048753435	25.63296447763439	24.979056484240743
28-29	24.33235757372401	25.168749902533033	25.572552396983077	24.92634012675988
30-31	24.39433671115476	25.080349250065282	25.506975089719973	25.01833894905998
32-33	24.449232339879973	25.120077205652507	25.455436742901632	24.97525371156589
34-35	24.477623773839692	25.140871968381756	25.44440661989707	24.937097637881486
36-37	24.53324303537104	25.044328662763544	25.414038395935584	25.008389905929835
38-39	24.527942755045608	25.064482022013202	25.41030380476975	24.997271418171437
40-41	24.59075525410384	25.126891766222382	25.40107036000398	24.8812826196698
42-43	24.66079866790093	25.07740686224845	25.30150005883941	24.960294411011212
44-45	24.637819258495423	25.143074153604587	25.290588593819447	24.92851799408054
46-47	24.66171649873477	25.16690297331025	25.300266765342784	24.8711137626122
48-49	24.684871423965873	25.12299811387996	25.24059895105894	24.951531511095226
50-51	24.715578449186072	25.134617996845936	25.24376517218124	24.90603838178675
52-53	24.743617011497204	25.196032764536408	25.183011975474074	24.877338248492315
54-55	24.804983219134773	25.12610211815281	25.157668585847443	24.91124607686498
56-57	24.80181254651955	25.17350296780564	25.171941296262943	24.852743189411868
58-59	24.84917955491345	25.2340134861889	25.137231996502013	24.779574962395635
60-61	24.873210123440806	25.215724791215184	25.090830496677757	24.82023458866626
62-63	24.881706662234954	25.247385825195412	25.101290421270704	24.769617091298926
64-65	24.937269694118797	25.34257783479681	25.054246263307927	24.66590620777647
66-67	24.987619264185565	25.287175749757328	24.99042862982954	24.734776356227563
68-69	25.026255018896933	25.3238182026982	24.972402448627964	24.677524329776904
70-71	25.0692704754569	25.389078368702222	24.95652028021287	24.585130875628007
72-73	25.08528166575088	25.39762888139297	24.86805424566242	24.649035207193727
74-75	25.151045537799327	25.444046187187585	24.84661404018536	24.558294234827727
76-77	25.167751705776354	25.49843589858749	24.864330161395888	24.46948223424027
78-79	25.283859500019684	25.442014839727513	24.80211341460091	24.472012245651893
80-81	25.291244054492743	25.52245261763827	24.759315469220645	24.426987858648342
82-83	25.361942744582894	25.67135645481544	24.698331096645727	24.26836970395594
84-85	25.43580649950497	25.84835615247813	24.54867211763001	24.167165230386896
86-87	25.580843568278453	25.986566551750713	24.40193228330148	24.03065759666935
88-89	25.677265827767943	26.13754136978627	24.320122339747673	23.865070462698114
90-91	26.146022157689725	25.634462766961548	24.099198458115794	24.120316617232934
92-93	25.520531705978915	25.406448529763953	24.48635356205123	24.586666202205897
94-95	25.524950517210538	25.43160782782467	24.51108771190329	24.532353943061505
96-97	25.58040156290837	25.44906907641839	24.45686699390322	24.51366236677002
98-99	25.613498103212706	25.66444802344841	24.347410304696336	24.374643568642547
100-101	25.63217955243293	26.18373929260664	24.169722936101458	24.01435821885897
102-103	25.925230077033202	26.648496830049766	23.799304656077442	23.626968436839594
104-105	26.22992797963228	26.743643122433536	23.713246811550064	23.313182086384124
106-107	26.991318187174564	26.782716277181184	23.15062092066242	23.075344614981834
108	27.710006575580287	27.09215221625338	22.394446707614023	22.803394500552315
>>END_MODULE
>>Per sequence GC content	warn
#GC Content	Count
0	64.0
1	42.5
2	19.5
3	18.5
4	16.5
5	16.5
6	22.0
7	24.0
8	34.5
9	52.5
10	66.5
11	92.0
12	120.0
13	166.0
14	214.0
15	258.0
16	308.5
17	352.5
18	418.0
19	555.5
20	676.5
21	825.5
22	1141.0
23	1744.0
24	2627.5
25	3823.5
26	5767.5
27	8454.0
28	11831.0
29	16614.5
30	20502.0
31	24869.0
32	32521.5
33	41557.5
34	52426.5
35	65278.0
36	78418.0
37	92268.0
38	106309.0
39	119505.0
40	128546.0
41	137220.0
42	148622.0
43	155542.5
44	158040.5
45	159751.5
46	158816.5
47	154458.0
48	150469.5
49	148157.0
50	147369.5
51	145715.0
52	141003.5
53	136946.5
54	133392.5
55	128672.0
56	123350.0
57	117319.5
58	111430.5
59	104572.5
60	99027.5
61	92419.0
62	83179.5
63	74100.5
64	64589.0
65	55492.5
66	47661.5
67	41089.0
68	35310.5
69	29881.0
70	25956.5
71	21798.0
72	16455.0
73	12128.5
74	8865.5
75	6567.0
76	4897.0
77	3636.0
78	2642.0
79	1959.0
80	1627.0
81	1328.5
82	960.0
83	715.5
84	564.5
85	434.0
86	305.0
87	214.0
88	138.0
89	104.0
90	90.0
91	69.0
92	43.5
93	28.5
94	17.0
95	12.0
96	7.5
97	2.5
98	1.0
99	0.0
100	0.0
>>END_MODULE
>>Per base N content	pass
#Base	N-Count
1	0.08010073831000772
2	0.003671807784383399
3	5.532861044961286E-4
4	0.001131721577378445
5	3.2694178902043967E-4
6	8.047797883580053E-4
7	1.257468419309383E-4
8	4.2753926256519035E-4
9	0.0010311241038336943
10-11	5.532861044961286E-4
12-13	4.652633151444718E-4
14-15	0.0018484785763847934
16-17	0.0010814228406060696
18-19	8.425038409372867E-4
20-21	0.0011065722089922572
22-23	0.0011568709457646326
24-25	0.0033574406795560535
26-27	0.001810754523805512
28-29	0.013505210823382775
30-31	0.02758885711964787
32-33	0.03532228789840058
34-35	0.08099354088771737
36-37	0.1058285421690777
38-39	0.11064464621503263
40-41	0.08720543487910573
42-43	0.08967007298095213
44-45	0.10284834201531447
46-47	0.09180776929377807
48-49	0.10895963853315806
50-51	0.11421585652587128
52-53	0.14258434406549098
54-55	0.17204682912990982
56-57	0.1543668231544199
58-59	0.1498650862132923
60-61	0.16311880335281317
62-63	0.12236425188299609
64-65	0.10260942301564568
66-67	0.18548916653232714
68-69	0.24793504823523108
70-71	0.3172215581391781
72-73	0.3356308957978675
74-75	0.33404648558953765
76-77	0.32555857375919933
78-79	0.3361716072181705
80-81	0.3417044682631318
82-83	0.34984028893606356
84-85	0.31075817046392784
86-87	0.3101294362542732
88-89	0.339717668160623
90-91	0.43731958571783125
92-93	0.6851606897770782
94-95	0.739838404783746
96-97	0.8256794442603534
98-99	0.8528426195355394
100-101	0.857302245326988
102-103	0.8814382806710088
104-105	0.7826237843465512
106-107	0.6864850634969628
108	0.6113741539549313
>>END_MODULE
>>Sequence Length Distribution	warn
#Length	Count
90	2126312.0
91	0.0
92	0.0
93	0.0
94	0.0
95	0.0
96	0.0
97	0.0
98	0.0
99	0.0
100	0.0
101	0.0
102	0.0
103	0.0
104	0.0
105	0.0
106	0.0
107	0.0
108	1849931.0
>>END_MODULE
>>Sequence Duplication Levels	pass
#Total Deduplicated Percentage	71.08303915434433
#Duplication Level	Percentage of deduplicated	Percentage of total
1	80.61632674321575	57.30453510367421
2	10.893700083147314	15.487146190920894
3	3.8743634474414375	8.262045858979207
4	1.8828573632566088	5.353568946976603
5	1.0338004617370022	3.67428393497153
6	0.5952270311470889	2.538632781645159
7	0.37062484432770165	1.8441598224643154
8	0.22838332523521357	1.2987344679915236
9	0.15036959418003903	0.9619854975650325
>10	0.3539552754000723	3.258664883656543
>50	3.9183091179958643E-4	0.016242511154959702
>100	0.0	0.0
>500	0.0	0.0
>1k	0.0	0.0
>5k	0.0	0.0
>10k+	0.0	0.0
>>END_MODULE
>>Overrepresented sequences	pass
>>END_MODULE
>>Adapter Content	pass
#Position	Illumina Universal Adapter	Illumina Small RNA 3' Adapter	Illumina Small RNA 5' Adapter	Nextera Transposase Sequence	SOLID Small RNA Adapter
1	1.7604557870331365E-4	0.0	0.0	0.0	0.0
2	2.766430522480643E-4	0.0	0.0	2.5149368386187667E-5	0.0
3	3.520911574066273E-4	0.0	0.0	2.5149368386187667E-5	0.0
4	4.0238989417900266E-4	0.0	0.0	2.5149368386187667E-5	0.0
5	5.029873677237533E-4	0.0	0.0	2.5149368386187667E-5	0.0
6	6.538835780408793E-4	0.0	0.0	2.5149368386187667E-5	0.0
7	8.802278935165683E-4	0.0	0.0	2.5149368386187667E-5	0.0
8	9.556759986751313E-4	0.0	0.0	2.5149368386187667E-5	0.0
9	0.001207169682537008	0.0	0.0	2.5149368386187667E-5	0.0
10-11	0.0012951924718886648	0.0	0.0	2.5149368386187667E-5	0.0
12-13	0.0014335139980126968	0.0	0.0	2.5149368386187667E-5	0.0
14-15	0.0015592608399436353	0.0	0.0	2.5149368386187667E-5	0.0
16-17	0.0019490760499295441	0.0	0.0	2.5149368386187667E-5	0.0
18-19	0.0021628456812121393	0.0	0.0	5.029873677237533E-5	0.0
20-21	0.002577810259584236	0.0	0.0	5.029873677237533E-5	0.0
22-23	0.0027915798908668306	0.0	0.0	5.029873677237533E-5	0.0
24-25	0.0030430735747287076	0.0	0.0	5.029873677237533E-5	0.0
26-27	0.003231693837625115	0.0	0.0	5.029873677237533E-5	0.0
28-29	0.0034328887847146165	0.0	0.0	5.029873677237533E-5	0.0
30-31	0.003810129310507431	0.0	0.0	5.029873677237533E-5	0.0
32-33	0.004099347046948589	0.0	0.0	5.029873677237533E-5	0.0
34-35	0.004866402782727313	0.0	0.0	5.029873677237533E-5	0.0
36-37	0.006237043359774541	0.0	0.0	5.029873677237533E-5	0.0
38-39	0.008311866251635023	0.0	0.0	5.029873677237533E-5	0.0
40-41	0.011078296774115667	0.0	0.0	5.029873677237533E-5	0.0
42-43	0.014636932400761221	0.0	0.0	5.029873677237533E-5	0.0
44-45	0.019302140236399035	0.0	0.0	5.029873677237533E-5	0.0
46-47	0.02542601143843573	0.0	0.0	6.287342096546917E-5	0.0
48-49	0.03295824727009893	0.0	0.0	7.5448105158563E-5	0.0
50-51	0.042779075624905225	0.0	0.0	7.5448105158563E-5	0.0
52-53	0.05491364587124077	0.0	0.0	7.5448105158563E-5	0.0
54-55	0.06986494537682933	0.0	0.0	7.5448105158563E-5	0.0
56-57	0.09146825282056453	0.0	0.0	7.5448105158563E-5	0.0
58-59	0.12052834799080439	0.0	0.0	7.5448105158563E-5	0.0
60-61	0.15558656752115	0.0	0.0	7.5448105158563E-5	0.0
62-63	0.195926154412595	0.0	0.0	7.5448105158563E-5	0.0
64-65	0.24601112155368773	0.0	0.0	7.5448105158563E-5	0.0
66-67	0.30058525095171496	0.0	0.0	7.5448105158563E-5	0.0
68-69	0.36679096322835403	0.0	0.0	7.5448105158563E-5	0.0
70-71	0.4395732353379811	0.0	0.0	7.5448105158563E-5	0.0
72-73	0.5230691383801241	0.0	0.0	1.0059747354475067E-4	0.0
74-75	0.6225223156633033	0.0	0.0	1.50896210317126E-4	0.0
76-77	0.7260496906250449	0.0	0.0	1.50896210317126E-4	0.0
78-79	0.8641951711703737	0.0	0.0	1.50896210317126E-4	0.0
80-81	0.9235979792985489	0.0	0.0	1.50896210317126E-4	0.0
82-83	0.954833494834194	0.0	0.0	1.50896210317126E-4	0.0
84-85	0.9883450282087891	0.0	0.0	1.50896210317126E-4	0.0
86-87	1.0259181845777534	0.0	0.0	1.50896210317126E-4	0.0
88-89	1.0723816426712351	0.0	0.0	1.50896210317126E-4	0.0
90-91	1.1205301084465913	0.0	0.0	1.50896210317126E-4	0.0
92-93	1.1730922883737236	0.0	0.0	1.50896210317126E-4	0.0
94-95	1.2328723370276917	0.0	0.0	1.50896210317126E-4	0.0
96-97	1.3454283352400747	0.0	0.0	1.50896210317126E-4	0.0
>>END_MODULE
