##FastQC	0.11.9
>>Basic Statistics	pass
#Measure	Value
Filename	SRR925780_8.bam
File type	Conventional base calls
Encoding	Sanger / Illumina 1.9
Total Sequences	2266667
Sequences flagged as poor quality	0
Sequence length	90-108
%GC	49
>>END_MODULE
>>Per base sequence quality	pass
#Base	Mean	Median	Lower Quartile	Upper Quartile	10th Percentile	90th Percentile
1	30.0	30.0	30.0	30.0	30.0	30.0
2	30.0	30.0	30.0	30.0	30.0	30.0
3	30.0	30.0	30.0	30.0	30.0	30.0
4	30.0	30.0	30.0	30.0	30.0	30.0
5	30.0	30.0	30.0	30.0	30.0	30.0
6	30.0	30.0	30.0	30.0	30.0	30.0
7	30.0	30.0	30.0	30.0	30.0	30.0
8	30.0	30.0	30.0	30.0	30.0	30.0
9	30.0	30.0	30.0	30.0	30.0	30.0
10-11	30.0	30.0	30.0	30.0	30.0	30.0
12-13	30.0	30.0	30.0	30.0	30.0	30.0
14-15	30.0	30.0	30.0	30.0	30.0	30.0
16-17	30.0	30.0	30.0	30.0	30.0	30.0
18-19	30.0	30.0	30.0	30.0	30.0	30.0
20-21	30.0	30.0	30.0	30.0	30.0	30.0
22-23	30.0	30.0	30.0	30.0	30.0	30.0
24-25	30.0	30.0	30.0	30.0	30.0	30.0
26-27	30.0	30.0	30.0	30.0	30.0	30.0
28-29	30.0	30.0	30.0	30.0	30.0	30.0
30-31	30.0	30.0	30.0	30.0	30.0	30.0
32-33	30.0	30.0	30.0	30.0	30.0	30.0
34-35	30.0	30.0	30.0	30.0	30.0	30.0
36-37	30.0	30.0	30.0	30.0	30.0	30.0
38-39	30.0	30.0	30.0	30.0	30.0	30.0
40-41	30.0	30.0	30.0	30.0	30.0	30.0
42-43	30.0	30.0	30.0	30.0	30.0	30.0
44-45	30.0	30.0	30.0	30.0	30.0	30.0
46-47	30.0	30.0	30.0	30.0	30.0	30.0
48-49	30.0	30.0	30.0	30.0	30.0	30.0
50-51	30.0	30.0	30.0	30.0	30.0	30.0
52-53	30.0	30.0	30.0	30.0	30.0	30.0
54-55	30.0	30.0	30.0	30.0	30.0	30.0
56-57	30.0	30.0	30.0	30.0	30.0	30.0
58-59	30.0	30.0	30.0	30.0	30.0	30.0
60-61	30.0	30.0	30.0	30.0	30.0	30.0
62-63	30.0	30.0	30.0	30.0	30.0	30.0
64-65	30.0	30.0	30.0	30.0	30.0	30.0
66-67	30.0	30.0	30.0	30.0	30.0	30.0
68-69	30.0	30.0	30.0	30.0	30.0	30.0
70-71	30.0	30.0	30.0	30.0	30.0	30.0
72-73	30.0	30.0	30.0	30.0	30.0	30.0
74-75	30.0	30.0	30.0	30.0	30.0	30.0
76-77	30.0	30.0	30.0	30.0	30.0	30.0
78-79	30.0	30.0	30.0	30.0	30.0	30.0
80-81	30.0	30.0	30.0	30.0	30.0	30.0
82-83	30.0	30.0	30.0	30.0	30.0	30.0
84-85	30.0	30.0	30.0	30.0	30.0	30.0
86-87	30.0	30.0	30.0	30.0	30.0	30.0
88-89	30.0	30.0	30.0	30.0	30.0	30.0
90-91	30.0	30.0	30.0	30.0	30.0	30.0
92-93	30.0	30.0	30.0	30.0	30.0	30.0
94-95	30.0	30.0	30.0	30.0	30.0	30.0
96-97	30.0	30.0	30.0	30.0	30.0	30.0
98-99	30.0	30.0	30.0	30.0	30.0	30.0
100-101	30.0	30.0	30.0	30.0	30.0	30.0
102-103	30.0	30.0	30.0	30.0	30.0	30.0
104-105	30.0	30.0	30.0	30.0	30.0	30.0
106-107	30.0	30.0	30.0	30.0	30.0	30.0
108	30.0	30.0	30.0	30.0	30.0	30.0
>>END_MODULE
>>Per sequence quality scores	pass
#Quality	Count
30	2266667.0
>>END_MODULE
>>Per base sequence content	pass
#Base	G	A	T	C
1	22.525538801715054	27.09428770618578	25.720488483531405	24.659685008567756
2	26.036645357122374	28.07817029105396	23.96754596111339	21.917638390710273
3	25.390852655927453	25.171100749256503	24.834347827429678	24.603698767386366
4	25.032040832263096	24.990746210578745	24.945657424936215	25.031555532221937
5	24.752333284068374	25.10637922401071	25.804500464340624	24.33678702758029
6	24.81667774769405	24.70532334908501	24.935135180445744	25.542863722775195
7	25.05745240020665	24.65902458199491	25.3403798277553	24.943143190043145
8	24.141171404836097	24.993437489384174	25.76518873780531	25.10020236797442
9	24.347634268419927	24.672918224592845	25.660505551180496	25.318941955806736
10-11	24.39012984136725	25.038752114629055	25.608403236405437	24.96271480759826
12-13	24.246150873281962	24.887603977763664	25.811500273200476	25.054744875753894
14-15	24.27272039422672	24.847343913135646	25.78607875313601	25.093856939501624
16-17	24.339692398372385	24.852876491253767	25.737382275824977	25.070048834548864
18-19	24.365432292667364	24.756186631189802	25.694116162613277	25.184264913529553
20-21	24.494737148610145	24.74257072797557	25.614719924893297	25.147972198520986
22-23	24.449935675827348	24.82317470233526	25.56839538983625	25.158494232001143
24-25	24.58411847676512	24.756978713660416	25.442242929958958	25.216659879615506
26-27	24.62211880825997	24.83916018509511	25.365097831858343	25.17362317478658
28-29	24.643603707752504	24.87190207085677	25.40403934550645	25.08045487588428
30-31	24.733836805609187	24.84756158106123	25.288405059671305	25.13019655365828
32-33	24.736600643876127	24.86152293982479	25.253149151836972	25.14872726446211
34-35	24.74715663671468	24.899731388077004	25.252986864353737	25.100125110854577
36-37	24.79819097852118	24.82168705827536	25.16816590352253	25.211956059680922
38-39	24.863692988622184	24.818244435920082	25.204822140026153	25.11324043543158
40-41	24.891949509909118	24.900692459250347	25.135626105563606	25.071731925276925
42-43	24.96316193162625	24.817487628281924	25.058651680332556	25.160698759759274
44-45	24.941846317051187	24.837485464339547	25.048106245796088	25.172561972813178
46-47	24.904247213194818	24.97320114256418	25.0440097405429	25.0785419036981
48-49	24.98233307627959	24.844619405879023	25.010268899412484	25.1627786184289
50-51	25.011937148538767	24.886646780989434	24.999458908160594	25.101957162311205
52-53	24.982150241943753	24.98886599249957	24.997812962812414	25.031170802744267
54-55	25.080966148901695	24.91538772266796	24.902305855814845	25.101340272615495
56-57	25.066452974316043	24.942528202330774	24.925339136079298	25.065679687273885
58-59	25.10919548610053	25.0094006432647	24.91258837819793	24.968815492436846
60-61	25.123156845531984	24.93761784002724	24.895304252371936	25.04392106206884
62-63	25.148654194188474	25.017746622840864	24.85852396688593	24.975075216084736
64-65	25.190977750435128	25.098254668504495	24.81482986341287	24.895937717647506
66-67	25.227623420979235	25.040963154598284	24.782410176100676	24.9490032483218
68-69	25.256376036024996	25.119510938924645	24.707942620596196	24.916170404454164
70-71	25.308734046564823	25.17834475530542	24.693766630609705	24.819154567520055
72-73	25.354918392010518	25.1619100740603	24.627551494707763	24.855620039221414
74-75	25.437660093566688	25.193041882347316	24.59269584894936	24.776602175136635
76-77	25.412119864063463	25.208901164933156	24.655018441731762	24.723960529271615
78-79	25.473619205510563	25.290081387910675	24.495901829844595	24.740397576734168
80-81	25.527851827617432	25.3270816404186	24.52495272382279	24.620113808141177
82-83	25.596719589111842	25.411850026088945	24.486041141502586	24.505389243296623
84-85	25.721080491620192	25.57936825641506	24.238966129138262	24.46058512282649
86-87	25.847864084179335	25.79564255603138	24.09881906324757	24.25767429654172
88-89	25.943403012877965	25.890369206925474	24.072345548447245	24.093882231749323
90-91	26.4409889085605	25.432464523059632	23.77349680055793	24.35304976782194
92-93	25.77183874265453	25.10799463500511	24.255640382998372	24.86452623934199
94-95	25.784375456837733	25.206263729018907	24.214382422269505	24.794978391873855
96-97	25.807642394758563	25.2683215593492	24.119294192128088	24.804741853764153
98-99	25.871447737528968	25.465850689586727	24.075102415646096	24.58759915723821
100-101	25.96350320274893	25.98727509967934	23.832307203697894	24.216914493873833
102-103	26.19679483223271	26.389744075530086	23.480243633703587	23.933217458533615
104-105	26.417096299794153	26.502409561967777	23.419613638460078	23.660880499777996
106-107	27.182294588819524	26.565947642979076	22.80932542287904	23.442432345322366
108	28.07981939207035	26.840239080319385	22.096132120120306	22.98380940748996
>>END_MODULE
>>Per sequence GC content	fail
#GC Content	Count
0	49.0
1	35.0
2	15.0
3	13.5
4	16.0
5	13.5
6	14.0
7	19.5
8	31.0
9	32.5
10	39.0
11	55.5
12	70.5
13	95.5
14	114.5
15	129.5
16	168.0
17	209.5
18	247.5
19	311.5
20	373.5
21	474.0
22	715.5
23	1066.0
24	1610.5
25	2379.0
26	3474.0
27	5056.5
28	7137.0
29	9795.5
30	11914.5
31	14465.0
32	19223.0
33	25320.5
34	32120.5
35	38921.0
36	45731.0
37	53004.0
38	61046.5
39	69256.0
40	74534.5
41	78841.5
42	83698.0
43	86535.0
44	87195.0
45	86489.5
46	84897.5
47	82203.0
48	79338.0
49	76910.5
50	74911.0
51	73369.5
52	71513.0
53	69096.5
54	66812.5
55	65714.5
56	65074.5
57	63771.5
58	61971.5
59	59963.0
60	58739.0
61	57366.5
62	54395.5
63	50194.5
64	45765.0
65	41453.5
66	36609.0
67	31164.0
68	26074.0
69	21525.5
70	18141.5
71	15176.0
72	11623.5
73	8791.0
74	6755.5
75	5063.5
76	3687.5
77	2695.0
78	2018.0
79	1492.5
80	1169.5
81	952.5
82	718.0
83	546.5
84	416.5
85	319.0
86	233.0
87	152.5
88	103.5
89	76.0
90	66.5
91	52.0
92	35.5
93	22.0
94	12.0
95	7.0
96	4.5
97	4.5
98	3.0
99	0.5
100	0.0
>>END_MODULE
>>Per base N content	pass
#Base	N-Count
1	0.07852940021626467
2	0.0033970583239620114
3	8.823528114187042E-4
4	0.0012352939359861858
5	5.294116868512225E-4
6	0.0013235292171280564
7	3.5294112456748166E-4
8	1.7647056228374083E-4
9	0.0014117644982699267
10-11	7.27941069420431E-4
12-13	7.27941069420431E-4
14-15	0.0023161761299740984
16-17	0.0014999997794117972
18-19	0.0011249998345588478
20-21	0.0011029410142733803
22-23	0.0010147057331315098
24-25	0.00423529349480978
26-27	0.002139705567690358
28-29	0.014757350770977829
30-31	0.02955881918252659
32-33	0.03787499443014788
34-35	0.082742634890789
36-37	0.10850733698421515
38-39	0.11331615980644709
40-41	0.08757351653330639
42-43	0.08938233979671474
44-45	0.10623527849481199
46-47	0.09315439806552969
48-49	0.11245586581531385
50-51	0.12026468819636939
52-53	0.14695586074178518
54-55	0.1761617387997443
56-57	0.1588455648756522
58-59	0.15547056537197568
60-61	0.16766909298983926
62-63	0.12599998147059097
64-65	0.10579410208910263
66-67	0.18829408995675148
68-69	0.2506543749037684
70-71	0.3211323057158374
72-73	0.33957347947448835
74-75	0.33690436221994674
76-77	0.331963186476002
78-79	0.341117596894471
80-81	0.3470073019106909
82-83	0.3550367124946011
84-85	0.31581613002703973
86-87	0.3115808365322299
88-89	0.34105142043361464
90-91	0.4394316595545824
92-93	0.6906503066553747
94-95	0.7439012709103686
96-97	0.8320996622855144
98-99	0.8600291528876438
100-101	0.8619733109770958
102-103	0.8864886703001874
104-105	0.7868150043482754
106-107	0.6926418832348135
108	0.6093275963282915
>>END_MODULE
>>Sequence Length Distribution	warn
#Length	Count
90	1212226.0
91	0.0
92	0.0
93	0.0
94	0.0
95	0.0
96	0.0
97	0.0
98	0.0
99	0.0
100	0.0
101	0.0
102	0.0
103	0.0
104	0.0
105	0.0
106	0.0
107	0.0
108	1054441.0
>>END_MODULE
>>Sequence Duplication Levels	pass
#Total Deduplicated Percentage	83.8524805717079
#Duplication Level	Percentage of deduplicated	Percentage of total
1	86.81729223929896	72.79845310784103
2	10.06419792507791	16.878159219648367
3	1.9623214479483204	4.936365632685967
4	0.5639001597570672	1.8913770876164981
5	0.23838532514340194	0.9994600422583689
6	0.11581807239419432	0.5826979599172103
7	0.07640311523241153	0.4484613514950622
8	0.043599892277119155	0.2924767296076553
9	0.03255537071469801	0.24568637313230665
>10	0.0854462272665823	0.9234316972498583
>50	8.022488935318707E-5	0.003430798547686322
>100	0.0	0.0
>500	0.0	0.0
>1k	0.0	0.0
>5k	0.0	0.0
>10k+	0.0	0.0
>>END_MODULE
>>Overrepresented sequences	pass
>>END_MODULE
>>Adapter Content	pass
#Position	Illumina Universal Adapter	Illumina Small RNA 3' Adapter	Illumina Small RNA 5' Adapter	Nextera Transposase Sequence	SOLID Small RNA Adapter
1	0.0	0.0	0.0	0.0	0.0
2	0.0	0.0	0.0	0.0	0.0
3	0.0	0.0	0.0	0.0	0.0
4	0.0	0.0	0.0	0.0	0.0
5	0.0	0.0	0.0	0.0	0.0
6	0.0	0.0	0.0	0.0	0.0
7	0.0	0.0	0.0	0.0	0.0
8	0.0	0.0	0.0	0.0	0.0
9	0.0	0.0	0.0	0.0	0.0
10-11	0.0	0.0	0.0	0.0	0.0
12-13	0.0	0.0	0.0	0.0	4.411764057093521E-5
14-15	0.0	0.0	0.0	0.0	8.823528114187042E-5
16-17	0.0	0.0	0.0	0.0	8.823528114187042E-5
18-19	0.0	0.0	0.0	0.0	8.823528114187042E-5
20-21	0.0	0.0	0.0	0.0	8.823528114187042E-5
22-23	0.0	0.0	0.0	0.0	8.823528114187042E-5
24-25	0.0	0.0	0.0	0.0	8.823528114187042E-5
26-27	0.0	0.0	0.0	0.0	8.823528114187042E-5
28-29	8.823528114187042E-5	0.0	0.0	0.0	8.823528114187042E-5
30-31	1.1029410142733803E-4	0.0	0.0	0.0	8.823528114187042E-5
32-33	2.867646637110789E-4	2.2058820285467604E-5	0.0	0.0	8.823528114187042E-5
34-35	0.0011470586548443156	4.411764057093521E-5	0.0	0.0	8.823528114187042E-5
36-37	0.002360293770545034	4.411764057093521E-5	0.0	0.0	8.823528114187042E-5
38-39	0.0042573523150952475	4.411764057093521E-5	0.0	0.0	8.823528114187042E-5
40-41	0.006882351929065893	4.411764057093521E-5	0.0	0.0	1.7647056228374083E-4
42-43	0.010808821939879126	4.411764057093521E-5	0.0	0.0	1.7647056228374083E-4
44-45	0.015992644706964012	4.411764057093521E-5	0.0	0.0	1.7647056228374083E-4
46-47	0.022080879105753074	4.411764057093521E-5	0.0	0.0	1.7647056228374083E-4
48-49	0.03068381901708544	4.411764057093521E-5	0.0	0.0	1.7647056228374083E-4
50-51	0.040852935168686	4.411764057093521E-5	0.0	2.2058820285467604E-5	1.7647056228374083E-4
52-53	0.054661756667388726	4.411764057093521E-5	0.0	4.411764057093521E-5	1.7647056228374083E-4
54-55	0.07153675418577143	4.411764057093521E-5	0.0	4.411764057093521E-5	1.7647056228374083E-4
56-57	0.09502939778979444	4.411764057093521E-5	0.0	4.411764057093521E-5	1.7647056228374083E-4
58-59	0.12690439310229512	4.411764057093521E-5	0.0	6.617646085640282E-5	1.7647056228374083E-4
60-61	0.16460291697015927	4.411764057093521E-5	0.0	8.823528114187042E-5	1.7647056228374083E-4
62-63	0.2108161454682139	4.411764057093521E-5	0.0	8.823528114187042E-5	1.7647056228374083E-4
64-65	0.2643529023010438	4.411764057093521E-5	0.0	8.823528114187042E-5	1.7647056228374083E-4
66-67	0.32210289380839796	4.411764057093521E-5	0.0	8.823528114187042E-5	1.7647056228374083E-4
68-69	0.39374994209559677	4.411764057093521E-5	0.0	8.823528114187042E-5	1.7647056228374083E-4
70-71	0.47580875355753627	4.411764057093521E-5	0.0	8.823528114187042E-5	1.7647056228374083E-4
72-73	0.5684778575767857	4.411764057093521E-5	0.0	1.1029410142733803E-4	1.7647056228374083E-4
74-75	0.6719116658953432	4.411764057093521E-5	0.0	1.7647056228374083E-4	1.7647056228374083E-4
76-77	0.7816984144561155	4.411764057093521E-5	0.0	1.7647056228374083E-4	1.7647056228374083E-4
78-79	0.9242425111408072	4.411764057093521E-5	0.0	1.7647056228374083E-4	1.7647056228374083E-4
80-81	0.9868454431109643	4.411764057093521E-5	0.0	1.7647056228374083E-4	1.7647056228374083E-4
82-83	1.0188307325248922	4.411764057093521E-5	0.0	1.7647056228374083E-4	2.2058820285467606E-4
84-85	1.0534630803730765	4.411764057093521E-5	0.0	1.7647056228374083E-4	2.2058820285467606E-4
86-87	1.0947792507677572	4.411764057093521E-5	0.0	1.7647056228374083E-4	2.2058820285467606E-4
88-89	1.145426302143191	4.411764057093521E-5	0.0	1.7647056228374083E-4	2.2058820285467606E-4
90-91	1.2016983526914187	4.411764057093521E-5	0.0	1.7647056228374083E-4	2.2058820285467606E-4
92-93	1.2573968739122243	4.411764057093521E-5	0.0	1.7647056228374083E-4	2.2058820285467606E-4
94-95	1.3202203940852362	4.411764057093521E-5	0.0	1.7647056228374083E-4	2.2058820285467606E-4
96-97	1.4376615532850656	4.411764057093521E-5	0.0	1.7647056228374083E-4	2.2058820285467606E-4
>>END_MODULE
