##FastQC	0.11.9
>>Basic Statistics	pass
#Measure	Value
Filename	SRR925780_10.bam
File type	Conventional base calls
Encoding	Sanger / Illumina 1.9
Total Sequences	3658106
Sequences flagged as poor quality	0
Sequence length	90-108
%GC	49
>>END_MODULE
>>Per base sequence quality	pass
#Base	Mean	Median	Lower Quartile	Upper Quartile	10th Percentile	90th Percentile
1	30.0	30.0	30.0	30.0	30.0	30.0
2	30.0	30.0	30.0	30.0	30.0	30.0
3	30.0	30.0	30.0	30.0	30.0	30.0
4	30.0	30.0	30.0	30.0	30.0	30.0
5	30.0	30.0	30.0	30.0	30.0	30.0
6	30.0	30.0	30.0	30.0	30.0	30.0
7	30.0	30.0	30.0	30.0	30.0	30.0
8	30.0	30.0	30.0	30.0	30.0	30.0
9	30.0	30.0	30.0	30.0	30.0	30.0
10-11	30.0	30.0	30.0	30.0	30.0	30.0
12-13	30.0	30.0	30.0	30.0	30.0	30.0
14-15	30.0	30.0	30.0	30.0	30.0	30.0
16-17	30.0	30.0	30.0	30.0	30.0	30.0
18-19	30.0	30.0	30.0	30.0	30.0	30.0
20-21	30.0	30.0	30.0	30.0	30.0	30.0
22-23	30.0	30.0	30.0	30.0	30.0	30.0
24-25	30.0	30.0	30.0	30.0	30.0	30.0
26-27	30.0	30.0	30.0	30.0	30.0	30.0
28-29	30.0	30.0	30.0	30.0	30.0	30.0
30-31	30.0	30.0	30.0	30.0	30.0	30.0
32-33	30.0	30.0	30.0	30.0	30.0	30.0
34-35	30.0	30.0	30.0	30.0	30.0	30.0
36-37	30.0	30.0	30.0	30.0	30.0	30.0
38-39	30.0	30.0	30.0	30.0	30.0	30.0
40-41	30.0	30.0	30.0	30.0	30.0	30.0
42-43	30.0	30.0	30.0	30.0	30.0	30.0
44-45	30.0	30.0	30.0	30.0	30.0	30.0
46-47	30.0	30.0	30.0	30.0	30.0	30.0
48-49	30.0	30.0	30.0	30.0	30.0	30.0
50-51	30.0	30.0	30.0	30.0	30.0	30.0
52-53	30.0	30.0	30.0	30.0	30.0	30.0
54-55	30.0	30.0	30.0	30.0	30.0	30.0
56-57	30.0	30.0	30.0	30.0	30.0	30.0
58-59	30.0	30.0	30.0	30.0	30.0	30.0
60-61	30.0	30.0	30.0	30.0	30.0	30.0
62-63	30.0	30.0	30.0	30.0	30.0	30.0
64-65	30.0	30.0	30.0	30.0	30.0	30.0
66-67	30.0	30.0	30.0	30.0	30.0	30.0
68-69	30.0	30.0	30.0	30.0	30.0	30.0
70-71	30.0	30.0	30.0	30.0	30.0	30.0
72-73	30.0	30.0	30.0	30.0	30.0	30.0
74-75	30.0	30.0	30.0	30.0	30.0	30.0
76-77	30.0	30.0	30.0	30.0	30.0	30.0
78-79	30.0	30.0	30.0	30.0	30.0	30.0
80-81	30.0	30.0	30.0	30.0	30.0	30.0
82-83	30.0	30.0	30.0	30.0	30.0	30.0
84-85	30.0	30.0	30.0	30.0	30.0	30.0
86-87	30.0	30.0	30.0	30.0	30.0	30.0
88-89	30.0	30.0	30.0	30.0	30.0	30.0
90-91	30.0	30.0	30.0	30.0	30.0	30.0
92-93	30.0	30.0	30.0	30.0	30.0	30.0
94-95	30.0	30.0	30.0	30.0	30.0	30.0
96-97	30.0	30.0	30.0	30.0	30.0	30.0
98-99	30.0	30.0	30.0	30.0	30.0	30.0
100-101	30.0	30.0	30.0	30.0	30.0	30.0
102-103	30.0	30.0	30.0	30.0	30.0	30.0
104-105	30.0	30.0	30.0	30.0	30.0	30.0
106-107	30.0	30.0	30.0	30.0	30.0	30.0
108	30.0	30.0	30.0	30.0	30.0	30.0
>>END_MODULE
>>Per sequence quality scores	pass
#Quality	Count
30	3658106.0
>>END_MODULE
>>Per base sequence content	pass
#Base	G	A	T	C
1	21.975576339941803	27.591464248703527	26.077747757507712	24.355211653846954
2	25.439740357587876	28.41071812275387	24.386200591915593	21.763340927742668
3	24.77570200761055	25.58935288457333	25.28673511787605	24.348209989940077
4	24.480245331420488	25.309589313714987	25.297916498089705	24.912248856774827
5	24.23937910886453	25.485655519796225	26.171804629565592	24.10316074177366
6	24.349692119489074	25.06607983707278	25.343848882267313	25.240379161170836
7	24.550648245825773	25.051700293840824	25.693234990922893	24.70441646941051
8	23.73204530444253	25.32033057634354	26.029360629136033	24.918263490077898
9	23.884999466932015	24.96515922330628	26.141571921805763	25.008269387955945
10-11	23.934782950403797	25.31261853001257	25.98926899743514	24.763329522148496
12-13	23.781560352320426	25.12847891543416	26.20615865025756	24.883802081987856
14-15	23.852832929609985	25.178395055484735	26.138829256051	24.82994275885428
16-17	23.917937968246576	25.11508826258276	26.071236627481987	24.895737141688688
18-19	23.953486464875652	25.025361699801124	25.987739453127666	25.033412382195554
20-21	24.023260852182602	25.00406292649623	25.957596579077396	25.015079642243776
22-23	24.12016542038242	25.099177873383642	25.820117362305954	24.96053934392798
24-25	24.13985267270607	25.11155069822727	25.71892176497508	25.029674864091582
26-27	24.250983209476207	25.10773854507824	25.7136222061754	24.92765603927015
28-29	24.230113275969924	25.154854965638823	25.667183214421634	24.947848543969624
30-31	24.37235361753732	25.071948790234927	25.581271029212914	24.974426563014834
32-33	24.378358763220387	25.10357269039053	25.553536210926776	24.964532335462305
34-35	24.42969731185083	25.173835944503274	25.50907998785806	24.88738675578784
36-37	24.41181931713367	25.14937384558274	25.46334386969628	24.97546296758731
38-39	24.51206828204713	25.120959228334925	25.45995568443034	24.907016805187602
40-41	24.51188639946921	25.17610202706631	25.425300879296014	24.886710694168464
42-43	24.59783502826157	25.111053744800266	25.364865469388892	24.926245757549268
44-45	24.61308785934886	25.123005168132607	25.311836572515034	24.952070400003503
46-47	24.635866577760098	25.205286347469457	25.292925169360725	24.86592190540972
48-49	24.6668117066416	25.133594131627884	25.295970488470005	24.903623673260512
50-51	24.66515787755272	25.16452520147179	25.301200203014652	24.869116717960843
52-53	24.753031980632116	25.234861039382523	25.232068700301667	24.780038279683694
54-55	24.769551606843805	25.16933368330353	25.187694795863724	24.873419913988936
56-57	24.766368573783943	25.211112239732277	25.2054447970549	24.81707438942888
58-59	24.73902429074757	25.316074307680974	25.198936740785804	24.74596466078565
60-61	24.824196363393412	25.239520646556517	25.145355284623637	24.790927705426434
62-63	24.86856798773812	25.30282461134224	25.12703908473834	24.701568316181298
64-65	24.965260655907276	25.353276827284027	25.084748128125376	24.59671438868332
66-67	24.949849373522852	25.32626835655346	25.070862708543277	24.65301956138041
68-69	24.99228913437295	25.353038437312065	25.031915653064075	24.62275677525091
70-71	25.04021693285075	25.445005229709576	24.98206486594996	24.53271297148972
72-73	25.064224798589496	25.44340208481678	24.970417917882223	24.5219551987115
74-75	25.12319986395696	25.488088691285153	24.928707687117466	24.460003757640422
76-77	25.113247821640407	25.55504939790857	24.926286412153782	24.405416368297246
78-79	25.24111852995525	25.524607488957905	24.83864402558436	24.39562995550248
80-81	25.198354409303654	25.62304200025181	24.83334115093149	24.34526243951305
82-83	25.291023869368274	25.695194922315682	24.777343816972934	24.23643739134311
84-85	25.39809419345993	25.880852814149584	24.5948310139165	24.126221978473982
86-87	25.53422466865587	26.088168407232487	24.431752823429424	23.94585410068222
88-89	25.657436916969008	26.097913411128857	24.456052605376563	23.78859706652557
90-91	26.06023444531121	25.739226613731752	24.17214262751701	24.02839631344003
92-93	25.375752036173417	25.489680786658216	24.64878373520759	24.48578344196078
94-95	25.461955107121053	25.579884100083767	24.614238794527292	24.343921998267888
96-97	25.470897152769968	25.60970627764193	24.51551500583182	24.403881563756283
98-99	25.503719189358854	25.831813282480727	24.503298707759367	24.16116882040106
100-101	25.543629062133817	26.288545462998634	24.266062639310913	23.90176283555663
102-103	25.87525287979361	26.727031998364982	23.936868170764576	23.46084695107683
104-105	26.13642248069012	26.875558331782308	23.77153692261577	23.216482264911807
106-107	26.87921558240074	26.86922352874401	23.289851147962803	22.96170974089245
108	27.648499277774658	27.32008613534119	22.53000410590275	22.5014104809814
>>END_MODULE
>>Per sequence GC content	pass
#GC Content	Count
0	33.0
1	21.0
2	10.0
3	10.0
4	9.0
5	10.5
6	14.5
7	24.0
8	39.5
9	45.0
10	66.0
11	89.0
12	115.5
13	142.0
14	180.0
15	240.5
16	263.0
17	301.5
18	373.5
19	484.5
20	555.5
21	658.5
22	934.5
23	1426.5
24	2114.0
25	3010.0
26	4530.0
27	6808.0
28	9696.0
29	13624.5
30	16662.5
31	20469.0
32	27398.5
33	36239.0
34	46880.0
35	58175.0
36	70576.0
37	83787.5
38	96714.5
39	107802.5
40	114376.0
41	121415.5
42	130694.0
43	138168.0
44	142986.5
45	145215.5
46	145557.0
47	145555.5
48	145982.0
49	144324.5
50	142446.5
51	141183.5
52	139517.5
53	137643.5
54	134942.0
55	131282.5
56	125925.0
57	118678.0
58	111172.5
59	103092.0
60	96368.5
61	88622.0
62	76922.5
63	65116.5
64	54495.0
65	46198.0
66	38757.5
67	31167.0
68	23834.5
69	17436.5
70	13867.0
71	11657.5
72	8967.0
73	6788.5
74	5160.5
75	3905.0
76	2983.5
77	2333.0
78	1896.5
79	1498.0
80	1220.5
81	1008.5
82	762.5
83	582.0
84	455.5
85	352.0
86	266.0
87	213.0
88	156.5
89	102.5
90	87.0
91	71.5
92	46.0
93	27.5
94	22.5
95	16.5
96	9.0
97	8.5
98	7.5
99	3.5
100	1.0
>>END_MODULE
>>Per base N content	pass
#Base	N-Count
1	0.07648766875536138
2	0.004155155700791612
3	7.107503172406705E-4
4	9.294427225454921E-4
5	2.4602895596792436E-4
6	8.47433070556184E-4
7	8.200965198930813E-5
8	2.733655066310271E-4
9	9.841158238716975E-4
10-11	3.690434339518866E-4
12-13	4.23716535278092E-4
14-15	0.001995568198406498
16-17	0.0012028082291765192
18-19	8.47433070556184E-4
20-21	7.790916938984271E-4
22-23	8.747696212192866E-4
24-25	0.0034990784848771463
26-27	0.001653861315117714
28-29	0.013394909824920328
30-31	0.027090521707134788
32-33	0.0342800345315308
34-35	0.0822146761192814
36-37	0.10758299513464072
38-39	0.11168347773410613
40-41	0.0872992745426185
42-43	0.0883380634678164
44-45	0.10355085391183305
46-47	0.09111272336012133
48-49	0.10773334616328778
50-51	0.11433512314842709
52-53	0.1436399054592732
54-55	0.1740381497966434
56-57	0.15486155950647684
58-59	0.15207323133884038
60-61	0.1645660349918783
62-63	0.1231784972879408
64-65	0.10245739188530895
66-67	0.18740572307090064
68-69	0.24697206696580143
70-71	0.31797875731321074
72-73	0.33673163106809917
74-75	0.33353325464051614
76-77	0.32527761634025915
78-79	0.3358295248962168
80-81	0.3412968350288373
82-83	0.3483633333752494
84-85	0.31043386933019435
86-87	0.30768654598855255
88-89	0.3388365454691581
90-91	0.43419756268892856
92-93	0.683480442124943
94-95	0.7412592011499383
96-97	0.8242868081228479
98-99	0.851884386112429
100-101	0.8574919790869077
102-103	0.8803627378676351
104-105	0.7812169709837891
106-107	0.6872384101916094
108	0.608497235544741
>>END_MODULE
>>Sequence Length Distribution	warn
#Length	Count
90	1955058.0
91	0.0
92	0.0
93	0.0
94	0.0
95	0.0
96	0.0
97	0.0
98	0.0
99	0.0
100	0.0
101	0.0
102	0.0
103	0.0
104	0.0
105	0.0
106	0.0
107	0.0
108	1703048.0
>>END_MODULE
>>Sequence Duplication Levels	pass
#Total Deduplicated Percentage	75.78385428602427
#Duplication Level	Percentage of deduplicated	Percentage of total
1	82.92347253137999	62.842603592092374
2	10.529460101670967	15.95926140111078
3	3.243478216156466	7.374098415392867
4	1.4873402808817822	4.508655164803175
5	0.7417852467020782	2.810767252379643
6	0.41161166748051364	1.8716111178462436
7	0.23419352550811662	1.2423661608286194
8	0.1419669332911009	0.8607041108773216
9	0.09585533708776939	0.6537858208557528
>10	0.1906227023299633	1.8670892358993656
>50	2.1345751129484857E-4	0.009057727913827786
>100	0.0	0.0
>500	0.0	0.0
>1k	0.0	0.0
>5k	0.0	0.0
>10k+	0.0	0.0
>>END_MODULE
>>Overrepresented sequences	pass
>>END_MODULE
>>Adapter Content	pass
#Position	Illumina Universal Adapter	Illumina Small RNA 3' Adapter	Illumina Small RNA 5' Adapter	Nextera Transposase Sequence	SOLID Small RNA Adapter
1	0.0	0.0	0.0	0.0	0.0
2	0.0	0.0	0.0	0.0	0.0
3	0.0	0.0	0.0	0.0	0.0
4	0.0	0.0	0.0	2.733655066310271E-5	2.733655066310271E-5
5	0.0	0.0	0.0	2.733655066310271E-5	2.733655066310271E-5
6	0.0	0.0	0.0	8.200965198930813E-5	2.733655066310271E-5
7	0.0	0.0	0.0	8.200965198930813E-5	2.733655066310271E-5
8	0.0	0.0	0.0	8.200965198930813E-5	2.733655066310271E-5
9	0.0	0.0	0.0	8.200965198930813E-5	2.733655066310271E-5
10-11	0.0	0.0	0.0	1.3668275331551354E-4	2.733655066310271E-5
12-13	0.0	0.0	0.0	1.3668275331551354E-4	2.733655066310271E-5
14-15	0.0	0.0	0.0	1.3668275331551354E-4	2.733655066310271E-5
16-17	0.0	0.0	0.0	1.9135585464171895E-4	2.733655066310271E-5
18-19	0.0	0.0	0.0	1.9135585464171895E-4	2.733655066310271E-5
20-21	0.0	0.0	0.0	1.9135585464171895E-4	2.733655066310271E-5
22-23	0.0	0.0	0.0	1.9135585464171895E-4	2.733655066310271E-5
24-25	0.0	0.0	0.0	1.9135585464171895E-4	2.733655066310271E-5
26-27	0.0	0.0	0.0	1.9135585464171895E-4	2.733655066310271E-5
28-29	1.3668275331551355E-5	0.0	0.0	1.9135585464171895E-4	2.733655066310271E-5
30-31	6.834137665775677E-5	0.0	0.0	1.9135585464171895E-4	2.733655066310271E-5
32-33	2.3236068063637303E-4	0.0	0.0	1.9135585464171895E-4	2.733655066310271E-5
34-35	6.834137665775678E-4	0.0	0.0	1.9135585464171895E-4	2.733655066310271E-5
36-37	0.0017905440684332274	0.0	0.0	2.050241299732703E-4	2.733655066310271E-5
38-39	0.003512746760208698	0.0	0.0	2.1869240530482167E-4	8.200965198930813E-5
40-41	0.005644997711930709	0.0	0.0	2.3236068063637303E-4	8.200965198930813E-5
42-43	0.008829705864182174	0.0	0.0	2.4602895596792436E-4	8.200965198930813E-5
44-45	0.0126158181310219	0.0	0.0	2.4602895596792436E-4	8.200965198930813E-5
46-47	0.01816513791563175	0.0	0.0	2.4602895596792436E-4	8.200965198930813E-5
48-49	0.025463996942680173	0.0	0.0	2.4602895596792436E-4	8.200965198930813E-5
50-51	0.03466274624081424	0.0	0.0	2.4602895596792436E-4	8.200965198930813E-5
52-53	0.04628078027263289	0.0	0.0	2.4602895596792436E-4	8.200965198930813E-5
54-55	0.06093317142805594	0.0	0.0	2.4602895596792436E-4	8.200965198930813E-5
56-57	0.08161327200469315	0.0	0.0	2.4602895596792436E-4	8.200965198930813E-5
58-59	0.10967424126036807	0.0	0.0	2.4602895596792436E-4	8.200965198930813E-5
60-61	0.14373558338659403	0.0	0.0	2.4602895596792436E-4	8.200965198930813E-5
62-63	0.18234846119822662	0.0	0.0	2.4602895596792436E-4	8.200965198930813E-5
64-65	0.23095284827722323	0.0	0.0	2.4602895596792436E-4	8.200965198930813E-5
66-67	0.2848195213588671	0.0	0.0	2.4602895596792436E-4	8.200965198930813E-5
68-69	0.34938845402511576	0.0	0.0	2.4602895596792436E-4	8.200965198930813E-5
70-71	0.4230604580621775	0.0	0.0	2.4602895596792436E-4	8.200965198930813E-5
72-73	0.5043456914589135	0.0	0.0	2.4602895596792436E-4	8.200965198930813E-5
74-75	0.601609138718233	0.0	0.0	2.4602895596792436E-4	8.200965198930813E-5
76-77	0.7011825245085845	0.0	0.0	2.733655066310271E-4	8.200965198930813E-5
78-79	0.8310311401583224	0.0	0.0	2.733655066310271E-4	1.0934620265241084E-4
80-81	0.8883285503481857	0.0	0.0	2.733655066310271E-4	1.0934620265241084E-4
82-83	0.9188908139895344	0.0	0.0	2.733655066310271E-4	1.0934620265241084E-4
84-85	0.9519133671905626	0.0	0.0	2.733655066310271E-4	1.0934620265241084E-4
86-87	0.991045639464794	0.0	0.0	2.733655066310271E-4	1.2301447798396218E-4
88-89	1.0364926549422022	0.0	0.0	2.733655066310271E-4	1.3668275331551354E-4
90-91	1.0829511227941455	0.0	0.0	2.733655066310271E-4	1.3668275331551354E-4
92-93	1.1319245533070939	0.0	0.0	2.733655066310271E-4	1.3668275331551354E-4
94-95	1.1914908972019949	0.0	0.0	2.733655066310271E-4	1.3668275331551354E-4
96-97	1.305703005872438	0.0	0.0	2.733655066310271E-4	1.3668275331551354E-4
>>END_MODULE
