##FastQC	0.11.9
>>Basic Statistics	pass
#Measure	Value
Filename	SRR925780_7.bam
File type	Conventional base calls
Encoding	Sanger / Illumina 1.9
Total Sequences	4950428
Sequences flagged as poor quality	0
Sequence length	90-108
%GC	50
>>END_MODULE
>>Per base sequence quality	pass
#Base	Mean	Median	Lower Quartile	Upper Quartile	10th Percentile	90th Percentile
1	30.0	30.0	30.0	30.0	30.0	30.0
2	30.0	30.0	30.0	30.0	30.0	30.0
3	30.0	30.0	30.0	30.0	30.0	30.0
4	30.0	30.0	30.0	30.0	30.0	30.0
5	30.0	30.0	30.0	30.0	30.0	30.0
6	30.0	30.0	30.0	30.0	30.0	30.0
7	30.0	30.0	30.0	30.0	30.0	30.0
8	30.0	30.0	30.0	30.0	30.0	30.0
9	30.0	30.0	30.0	30.0	30.0	30.0
10-11	30.0	30.0	30.0	30.0	30.0	30.0
12-13	30.0	30.0	30.0	30.0	30.0	30.0
14-15	30.0	30.0	30.0	30.0	30.0	30.0
16-17	30.0	30.0	30.0	30.0	30.0	30.0
18-19	30.0	30.0	30.0	30.0	30.0	30.0
20-21	30.0	30.0	30.0	30.0	30.0	30.0
22-23	30.0	30.0	30.0	30.0	30.0	30.0
24-25	30.0	30.0	30.0	30.0	30.0	30.0
26-27	30.0	30.0	30.0	30.0	30.0	30.0
28-29	30.0	30.0	30.0	30.0	30.0	30.0
30-31	30.0	30.0	30.0	30.0	30.0	30.0
32-33	30.0	30.0	30.0	30.0	30.0	30.0
34-35	30.0	30.0	30.0	30.0	30.0	30.0
36-37	30.0	30.0	30.0	30.0	30.0	30.0
38-39	30.0	30.0	30.0	30.0	30.0	30.0
40-41	30.0	30.0	30.0	30.0	30.0	30.0
42-43	30.0	30.0	30.0	30.0	30.0	30.0
44-45	30.0	30.0	30.0	30.0	30.0	30.0
46-47	30.0	30.0	30.0	30.0	30.0	30.0
48-49	30.0	30.0	30.0	30.0	30.0	30.0
50-51	30.0	30.0	30.0	30.0	30.0	30.0
52-53	30.0	30.0	30.0	30.0	30.0	30.0
54-55	30.0	30.0	30.0	30.0	30.0	30.0
56-57	30.0	30.0	30.0	30.0	30.0	30.0
58-59	30.0	30.0	30.0	30.0	30.0	30.0
60-61	30.0	30.0	30.0	30.0	30.0	30.0
62-63	30.0	30.0	30.0	30.0	30.0	30.0
64-65	30.0	30.0	30.0	30.0	30.0	30.0
66-67	30.0	30.0	30.0	30.0	30.0	30.0
68-69	30.0	30.0	30.0	30.0	30.0	30.0
70-71	30.0	30.0	30.0	30.0	30.0	30.0
72-73	30.0	30.0	30.0	30.0	30.0	30.0
74-75	30.0	30.0	30.0	30.0	30.0	30.0
76-77	30.0	30.0	30.0	30.0	30.0	30.0
78-79	30.0	30.0	30.0	30.0	30.0	30.0
80-81	30.0	30.0	30.0	30.0	30.0	30.0
82-83	30.0	30.0	30.0	30.0	30.0	30.0
84-85	30.0	30.0	30.0	30.0	30.0	30.0
86-87	30.0	30.0	30.0	30.0	30.0	30.0
88-89	30.0	30.0	30.0	30.0	30.0	30.0
90-91	30.0	30.0	30.0	30.0	30.0	30.0
92-93	30.0	30.0	30.0	30.0	30.0	30.0
94-95	30.0	30.0	30.0	30.0	30.0	30.0
96-97	30.0	30.0	30.0	30.0	30.0	30.0
98-99	30.0	30.0	30.0	30.0	30.0	30.0
100-101	30.0	30.0	30.0	30.0	30.0	30.0
102-103	30.0	30.0	30.0	30.0	30.0	30.0
104-105	30.0	30.0	30.0	30.0	30.0	30.0
106-107	30.0	30.0	30.0	30.0	30.0	30.0
108	30.0	30.0	30.0	30.0	30.0	30.0
>>END_MODULE
>>Per sequence quality scores	pass
#Quality	Count
30	4950428.0
>>END_MODULE
>>Per base sequence content	pass
#Base	G	A	T	C
1	22.848127009490295	26.579249121808267	25.40230238260048	25.17032148610096
2	26.458443849815826	27.386135869721116	23.60462377394883	22.550796506514224
3	25.72566029167815	24.632230847359843	24.456870855375374	25.185238005586637
4	25.32348494107024	24.512901521800828	24.500256040691784	25.663357496437143
5	25.111834148720174	24.620400205154684	25.337875986458496	24.929889659666642
6	25.172930854524765	24.06816918832035	24.576997888448766	26.181902068706115
7	25.33832981073731	24.13938127686514	24.959008536849694	25.56328037554786
8	24.536321046669286	24.41081623979276	25.296197808342264	25.75666490519569
9	24.696961800400214	24.100238245010573	25.338429522180782	25.864370432408435
10-11	24.701874950445898	24.51336483585409	25.17767512608836	25.607085087611654
12-13	24.58771240087286	24.310674041831994	25.41153513429982	25.690078422995327
14-15	24.657161640889083	24.33076916006685	25.3350560472906	25.677013151753464
16-17	24.647715833044046	24.33407270545251	25.337451946788235	25.680759514715206
18-19	24.722246041944864	24.204982668500467	25.248983436522394	25.823787853032275
20-21	24.782567240784093	24.21662090251235	25.219584108778697	25.781227747924856
22-23	24.833959464666545	24.321816186559698	25.14381493513872	25.700409413635033
24-25	24.885834233286428	24.254604507482235	25.04081605443595	25.818745204795384
26-27	24.944289174510153	24.316796858074078	24.99776025462496	25.74115371279081
28-29	25.00586640516086	24.367536874510648	24.96530916586537	25.66128755446312
30-31	25.008908087229848	24.33541931253106	24.893433817836964	25.762238782402125
32-33	25.124315754388014	24.32703997613962	24.87147614583324	25.677168123639127
34-35	25.12998422813219	24.39674349290418	24.8232197313415	25.65005254762214
36-37	25.1591161102477	24.333418028093654	24.782691208532217	25.724774653126424
38-39	25.184740962245534	24.35895141411025	24.776810834536832	25.679496789107386
40-41	25.234801713618587	24.402931052417323	24.75668154661568	25.60558568734841
42-43	25.270934431759745	24.403331631953154	24.694497121857133	25.63123681442997
44-45	25.292176409924576	24.400430711989163	24.65958586941136	25.647807008674906
46-47	25.28115200622409	24.4756841740371	24.659390201529718	25.5837736182091
48-49	25.34197626732024	24.40572245545067	24.663615148794356	25.58868612843473
50-51	25.314357201028237	24.438351366180004	24.64091880456393	25.60637262822783
52-53	25.405064900504705	24.497526942375092	24.57744198826126	25.519966168858943
54-55	25.403878353225114	24.441600039499253	24.58730412634662	25.56721748092901
56-57	25.45881946881367	24.494602364890188	24.547953054225808	25.498625112070332
58-59	25.49958845788488	24.587064498466365	24.505646224297077	25.407700819351675
60-61	25.51823844856443	24.559769958659892	24.442833221647064	25.479158371128612
62-63	25.582949830451092	24.586629415423598	24.44418669158622	25.386234062539092
64-65	25.629393688991602	24.65911327847871	24.402135773539495	25.309357258990197
66-67	25.65111201078502	24.649360749754646	24.32614598213242	25.37338125732791
68-69	25.686955380704983	24.680660112200282	24.30666592147276	25.32571858562197
70-71	25.739522310998357	24.75903797560694	24.276151416106554	25.225288297288152
72-73	25.821847920627448	24.748479874083117	24.199508780669667	25.23016342461976
74-75	25.840205249517034	24.772369465344386	24.189496263952922	25.19792902118566
76-77	25.885329613903075	24.858841846022276	24.19645765812687	25.05937088194778
78-79	25.961597411953242	24.80705324622064	24.15020180607545	25.08114753575067
80-81	25.998190208132144	24.868504300966624	24.074214641234455	25.059090849666777
82-83	26.06977764759896	25.02427846194854	24.00189727742716	24.904046613025336
84-85	26.15684830692968	25.162780415531277	23.858328456776416	24.822042820762626
86-87	26.336872918872935	25.3530273329164	23.67516794651728	24.63493180169338
88-89	26.478257371094642	25.458755900331447	23.608865561521846	24.45412116705207
90-91	26.862996211781432	25.008093953340737	23.394740655382513	24.734169179495318
92-93	26.21494795382538	24.79201215932243	23.88917035468584	25.10386953216635
94-95	26.283742291117452	24.844815819099956	23.80501632851231	25.06642556127029
96-97	26.247066643095824	24.862084563870056	23.794009019314228	25.096839773719896
98-99	26.29475639587599	25.119426958636794	23.65691805199916	24.928898593488054
100-101	26.35152721410341	25.614213327779606	23.46191213130784	24.572347326809147
102-103	26.62204517367981	26.07229340846311	23.122653323428366	24.183008094428715
104-105	26.86798230322297	26.217736189822404	22.9781562175846	23.936125289370022
106-107	27.51341913792992	26.24876409793753	22.58582082286738	23.651995941265174
108	28.354380903955974	26.576276257579373	21.817052164077662	23.25229067438699
>>END_MODULE
>>Per sequence GC content	pass
#GC Content	Count
0	58.0
1	40.5
2	22.5
3	16.0
4	13.5
5	13.5
6	22.0
7	32.0
8	36.0
9	44.5
10	72.0
11	106.0
12	136.0
13	174.0
14	224.0
15	279.5
16	326.0
17	379.0
18	467.0
19	578.0
20	636.0
21	782.0
22	1128.0
23	1646.5
24	2459.0
25	3602.5
26	5219.5
27	7672.0
28	11218.0
29	15823.5
30	19231.0
31	23798.0
32	32015.0
33	41768.0
34	52800.0
35	63759.5
36	76095.0
37	90754.0
38	105741.0
39	119801.5
40	129107.0
41	137656.5
42	149521.0
43	159796.0
44	167582.5
45	174266.5
46	180490.5
47	186618.0
48	190251.5
49	191575.5
50	192973.5
51	193981.5
52	194087.0
53	191582.5
54	187125.5
55	184073.0
56	180513.5
57	175939.0
58	170191.0
59	161414.5
60	154896.5
61	146110.0
62	130945.0
63	115332.5
64	100348.0
65	85417.0
66	70877.0
67	57429.0
68	45379.5
69	34938.0
70	28275.0
71	23387.0
72	17761.0
73	13388.0
74	9990.0
75	7328.5
76	5457.0
77	4129.0
78	3131.0
79	2338.0
80	1852.5
81	1560.0
82	1179.0
83	880.0
84	696.0
85	552.0
86	394.5
87	274.0
88	201.0
89	138.0
90	111.0
91	89.5
92	70.0
93	56.0
94	38.5
95	24.0
96	10.5
97	6.0
98	4.0
99	0.5
100	0.0
>>END_MODULE
>>Per base N content	pass
#Base	N-Count
1	0.0787810670107716
2	0.0037572508882060297
3	8.080109437002214E-4
4	8.686117644777381E-4
5	3.434046510725941E-4
6	7.87810670107716E-4
7	1.4140191514753876E-4
8	4.040054718501107E-4
9	0.0012524169627353432
10-11	6.161083445714189E-4
12-13	6.161083445714189E-4
14-15	0.002009927222454301
16-17	0.0011413154579765629
18-19	9.797132692365186E-4
20-21	9.494128588477603E-4
22-23	0.0011211151843840573
24-25	0.0034340465107259416
26-27	0.00178772421293674
28-29	0.012796873320852258
30-31	0.0257250484200558
32-33	0.03309814828132032
34-35	0.08004358411030318
36-37	0.10541512774249015
38-39	0.11036419477265401
40-41	0.08658847275427498
42-43	0.08975991570829836
44-45	0.1035870029823684
46-47	0.09054772637840607
48-49	0.10803106317271961
50-51	0.11423254716561881
52-53	0.1424826297847378
54-55	0.17296484263582868
56-57	0.15476439612898116
58-59	0.15017893402348242
60-61	0.16184459202315435
62-63	0.12088853731434938
64-65	0.10208208259972673
66-67	0.1844587983099643
68-69	0.24474651484679708
70-71	0.3114478182492504
72-73	0.33087038130844443
74-75	0.32999166940717045
76-77	0.3228104721450347
78-79	0.33046637583659433
80-81	0.3375768721411563
82-83	0.3442732628370719
84-85	0.30809457283289443
86-87	0.3060644453368476
88-89	0.33522354026762935
90-91	0.4281254629116874
92-93	0.6689220492006887
94-95	0.7289380878584953
96-97	0.8140521333735589
98-99	0.8427601275185033
100-101	0.8474660038042391
102-103	0.8720482981918262
104-105	0.7728381118391252
106-107	0.679580106907195
108	0.6026100208089982
>>END_MODULE
>>Sequence Length Distribution	warn
#Length	Count
90	2623550.0
91	0.0
92	0.0
93	0.0
94	0.0
95	0.0
96	0.0
97	0.0
98	0.0
99	0.0
100	0.0
101	0.0
102	0.0
103	0.0
104	0.0
105	0.0
106	0.0
107	0.0
108	2326878.0
>>END_MODULE
>>Sequence Duplication Levels	pass
#Total Deduplicated Percentage	81.61137755637851
#Duplication Level	Percentage of deduplicated	Percentage of total
1	85.87050673135072	70.08010345809805
2	9.625678014258476	15.711296853155607
3	2.5695085967724567	6.29103408676672
4	1.0106748728365749	3.299302745352422
5	0.4532941472227752	1.8496979896547268
6	0.22842329298874126	1.1185163764065258
7	0.10366835316924711	0.592236197780039
8	0.063305918466058	0.413318657078942
9	0.030191927937364037	0.221760434704607
>10	0.04470216993252168	0.4205194688511775
>50	4.597506504785085E-5	0.0022137321511615377
>100	0.0	0.0
>500	0.0	0.0
>1k	0.0	0.0
>5k	0.0	0.0
>10k+	0.0	0.0
>>END_MODULE
>>Overrepresented sequences	pass
>>END_MODULE
>>Adapter Content	pass
#Position	Illumina Universal Adapter	Illumina Small RNA 3' Adapter	Illumina Small RNA 5' Adapter	Nextera Transposase Sequence	SOLID Small RNA Adapter
1	0.0	0.0	0.0	0.0	0.0
2	0.0	0.0	0.0	0.0	0.0
3	0.0	0.0	0.0	0.0	0.0
4	0.0	0.0	0.0	0.0	0.0
5	0.0	0.0	0.0	0.0	0.0
6	0.0	0.0	0.0	0.0	0.0
7	0.0	0.0	0.0	0.0	0.0
8	0.0	0.0	0.0	0.0	0.0
9	0.0	0.0	0.0	0.0	0.0
10-11	0.0	0.0	0.0	0.0	0.0
12-13	0.0	0.0	0.0	0.0	0.0
14-15	0.0	0.0	0.0	0.0	0.0
16-17	0.0	0.0	0.0	0.0	0.0
18-19	0.0	0.0	0.0	0.0	0.0
20-21	0.0	0.0	0.0	0.0	0.0
22-23	0.0	0.0	0.0	0.0	0.0
24-25	0.0	0.0	0.0	0.0	0.0
26-27	0.0	0.0	0.0	0.0	0.0
28-29	2.0200273592505537E-5	0.0	0.0	0.0	0.0
30-31	6.0600820777516613E-5	0.0	0.0	0.0	0.0
32-33	1.7170232553629706E-4	0.0	0.0	0.0	0.0
34-35	7.676103965152104E-4	0.0	0.0	0.0	0.0
36-37	0.0018281247601217511	0.0	0.0	0.0	0.0
38-39	0.0037875512985947883	0.0	0.0	0.0	0.0
40-41	0.006221684266491705	0.0	0.0	0.0	0.0
42-43	0.009110323390219997	0.0	0.0	2.0200273592505537E-5	0.0
44-45	0.013816987137273787	0.0	0.0	2.0200273592505537E-5	0.0
46-47	0.019523564427156602	0.0	0.0	2.0200273592505537E-5	0.0
48-49	0.027007765793179903	0.0	0.0	2.0200273592505537E-5	0.0
50-51	0.03616858986738117	0.0	0.0	4.040054718501107E-5	0.0
52-53	0.04821805306531071	0.0	0.0	4.040054718501107E-5	0.0
54-55	0.0641964694769826	0.0	0.0	4.040054718501107E-5	0.0
56-57	0.08492195018289328	0.0	0.0	4.040054718501107E-5	0.0
58-59	0.11426284757600758	0.0	0.0	4.040054718501107E-5	0.0
60-61	0.14989613019318732	0.0	0.0	6.0600820777516613E-5	0.0
62-63	0.19037747847256842	0.0	0.0	8.080109437002215E-5	0.0
64-65	0.24136296902005241	0.0	0.0	1.0100136796252768E-4	0.0
66-67	0.29891354848510066	0.0	0.0	1.0100136796252768E-4	0.0
68-69	0.36711977227019565	0.0	0.0	1.0100136796252768E-4	0.0
70-71	0.44295159933646144	0.0	0.0	1.0100136796252768E-4	0.0
72-73	0.5312873957564881	0.0	0.0	1.0100136796252768E-4	0.0
74-75	0.6349046991492453	0.0	0.0	1.0100136796252768E-4	0.0
76-77	0.7404006279861055	0.0	0.0	1.0100136796252768E-4	0.0
78-79	0.8753485557208387	0.0	0.0	1.0100136796252768E-4	0.0
80-81	0.9348787619979525	0.0	0.0	1.0100136796252768E-4	0.0
82-83	0.9663507882550761	0.0	0.0	1.0100136796252768E-4	0.0
84-85	1.0011356593813705	0.0	0.0	1.0100136796252768E-4	0.0
86-87	1.041182701778513	0.0	0.0	1.2120164155503323E-4	0.0
88-89	1.088814946909641	0.0	0.0	1.2120164155503323E-4	0.0
90-91	1.1399721397826612	0.0	0.0	1.2120164155503323E-4	0.0
92-93	1.1944623777984449	0.0	0.0	1.2120164155503323E-4	0.0
94-95	1.2583053424875588	0.0	0.0	1.2120164155503323E-4	0.0
96-97	1.3749619224842782	0.0	0.0	1.2120164155503323E-4	0.0
>>END_MODULE
