##FastQC	0.11.9
>>Basic Statistics	pass
#Measure	Value
Filename	SRR925780_2.bam
File type	Conventional base calls
Encoding	Sanger / Illumina 1.9
Total Sequences	4866379
Sequences flagged as poor quality	0
Sequence length	90-108
%GC	49
>>END_MODULE
>>Per base sequence quality	pass
#Base	Mean	Median	Lower Quartile	Upper Quartile	10th Percentile	90th Percentile
1	30.0	30.0	30.0	30.0	30.0	30.0
2	30.0	30.0	30.0	30.0	30.0	30.0
3	30.0	30.0	30.0	30.0	30.0	30.0
4	30.0	30.0	30.0	30.0	30.0	30.0
5	30.0	30.0	30.0	30.0	30.0	30.0
6	30.0	30.0	30.0	30.0	30.0	30.0
7	30.0	30.0	30.0	30.0	30.0	30.0
8	30.0	30.0	30.0	30.0	30.0	30.0
9	30.0	30.0	30.0	30.0	30.0	30.0
10-11	30.0	30.0	30.0	30.0	30.0	30.0
12-13	30.0	30.0	30.0	30.0	30.0	30.0
14-15	30.0	30.0	30.0	30.0	30.0	30.0
16-17	30.0	30.0	30.0	30.0	30.0	30.0
18-19	30.0	30.0	30.0	30.0	30.0	30.0
20-21	30.0	30.0	30.0	30.0	30.0	30.0
22-23	30.0	30.0	30.0	30.0	30.0	30.0
24-25	30.0	30.0	30.0	30.0	30.0	30.0
26-27	30.0	30.0	30.0	30.0	30.0	30.0
28-29	30.0	30.0	30.0	30.0	30.0	30.0
30-31	30.0	30.0	30.0	30.0	30.0	30.0
32-33	30.0	30.0	30.0	30.0	30.0	30.0
34-35	30.0	30.0	30.0	30.0	30.0	30.0
36-37	30.0	30.0	30.0	30.0	30.0	30.0
38-39	30.0	30.0	30.0	30.0	30.0	30.0
40-41	30.0	30.0	30.0	30.0	30.0	30.0
42-43	30.0	30.0	30.0	30.0	30.0	30.0
44-45	30.0	30.0	30.0	30.0	30.0	30.0
46-47	30.0	30.0	30.0	30.0	30.0	30.0
48-49	30.0	30.0	30.0	30.0	30.0	30.0
50-51	30.0	30.0	30.0	30.0	30.0	30.0
52-53	30.0	30.0	30.0	30.0	30.0	30.0
54-55	30.0	30.0	30.0	30.0	30.0	30.0
56-57	30.0	30.0	30.0	30.0	30.0	30.0
58-59	30.0	30.0	30.0	30.0	30.0	30.0
60-61	30.0	30.0	30.0	30.0	30.0	30.0
62-63	30.0	30.0	30.0	30.0	30.0	30.0
64-65	30.0	30.0	30.0	30.0	30.0	30.0
66-67	30.0	30.0	30.0	30.0	30.0	30.0
68-69	30.0	30.0	30.0	30.0	30.0	30.0
70-71	30.0	30.0	30.0	30.0	30.0	30.0
72-73	30.0	30.0	30.0	30.0	30.0	30.0
74-75	30.0	30.0	30.0	30.0	30.0	30.0
76-77	30.0	30.0	30.0	30.0	30.0	30.0
78-79	30.0	30.0	30.0	30.0	30.0	30.0
80-81	30.0	30.0	30.0	30.0	30.0	30.0
82-83	30.0	30.0	30.0	30.0	30.0	30.0
84-85	30.0	30.0	30.0	30.0	30.0	30.0
86-87	30.0	30.0	30.0	30.0	30.0	30.0
88-89	30.0	30.0	30.0	30.0	30.0	30.0
90-91	30.0	30.0	30.0	30.0	30.0	30.0
92-93	30.0	30.0	30.0	30.0	30.0	30.0
94-95	30.0	30.0	30.0	30.0	30.0	30.0
96-97	30.0	30.0	30.0	30.0	30.0	30.0
98-99	30.0	30.0	30.0	30.0	30.0	30.0
100-101	30.0	30.0	30.0	30.0	30.0	30.0
102-103	30.0	30.0	30.0	30.0	30.0	30.0
104-105	30.0	30.0	30.0	30.0	30.0	30.0
106-107	30.0	30.0	30.0	30.0	30.0	30.0
108	30.0	30.0	30.0	30.0	30.0	30.0
>>END_MODULE
>>Per sequence quality scores	pass
#Quality	Count
30	4866379.0
>>END_MODULE
>>Per base sequence content	pass
#Base	G	A	T	C
1	21.718795757940697	27.700438289093114	26.34308296233412	24.237682990632063
2	25.269686930124912	28.521548034009303	24.586607450005115	21.622157585860666
3	24.614320477828745	25.710461196141825	25.439744728385527	24.2354735976439
4	24.325035221629122	25.44627078158316	25.54488723324856	24.683806763539163
5	24.0735679536935	25.6054938826942	26.375371479040382	23.94556668457191
6	24.22739772305545	25.103085559473165	25.525661348371038	25.143855369100347
7	24.31024091248246	25.162415622476946	25.898528534495814	24.62881493054478
8	23.557942553812776	25.415181728120157	26.251822973337585	24.775052744729482
9	23.71905785456832	25.11789147490722	26.214876067023678	24.94817460350078
10-11	23.73472495727293	25.463617209848938	26.154750795924585	24.646907036953547
12-13	23.64813686128312	25.245697090103114	26.361439088533974	24.744726960079795
14-15	23.63205196571923	25.259114499048042	26.325379627374883	24.78345390785784
16-17	23.711974696256334	25.252760533097373	26.267943375229162	24.767321395417127
18-19	23.805477048339657	25.113959187481395	26.13236619704128	24.94819756713767
20-21	23.86538189259296	25.13943261953723	26.110493145860055	24.884692342009757
22-23	23.896257776135656	25.18834004509763	26.06250992791078	24.85289225085593
24-25	24.00213636002146	25.176302103829645	25.874626327082144	24.946935209066748
26-27	24.03307608426163	25.183252846030413	25.887823704910645	24.89584736479731
28-29	24.077830348878898	25.289653431155795	25.83665754804744	24.795858671917863
30-31	24.19659793633255	25.19107356276926	25.729739295980238	24.88258920491795
32-33	24.218995953179686	25.244807807126605	25.70519747070904	24.830998768984664
34-35	24.228389380763932	25.27548304263337	25.679630409222987	24.816497167379715
36-37	24.26458812913623	25.225042959731354	25.61398705288786	24.89638185824456
38-39	24.306806361239847	25.23272057269303	25.62887089751593	24.831602168551196
40-41	24.35258352161287	25.308112255910586	25.57866715258916	24.760637069887384
42-43	24.430672843148606	25.227592033810915	25.516746985201248	24.82498813783923
44-45	24.41417302329485	25.26513120232786	25.52953731398853	24.79115846038876
46-47	24.461126077045968	25.316561659451654	25.490534438989975	24.731777824512402
48-49	24.472731510438603	25.274090951776596	25.425702274653272	24.827475263131532
50-51	24.53588828196218	25.28954971231729	25.42667912293959	24.747882882780946
52-53	24.542914751641053	25.374615845896326	25.397427407376007	24.685041995086614
54-55	24.59097483554648	25.304707189721825	25.354213327402203	24.750104647329493
56-57	24.60721061290786	25.34512366948641	25.360528587287746	24.68713713031799
58-59	24.594558328815964	25.41939509637948	25.340068433524277	24.645978141280285
60-61	24.67055708748651	25.36038912990187	25.283903500493675	24.68515028211794
62-63	24.674928553154178	25.424717949424863	25.280841834721873	24.619511662699082
64-65	24.719565683571663	25.53319417681928	25.239340461890603	24.507899677718452
66-67	24.75554018837469	25.516771494835655	25.173820074490568	24.553868242299085
68-69	24.796982142627236	25.55311506224975	25.159475222412482	24.490427572710534
70-71	24.82981144443826	25.629827523298886	25.103512818768564	24.436848213494287
72-73	24.846387714480937	25.656694840086942	25.034493437175144	24.462424008256985
74-75	24.94825293944643	25.654594259645663	25.04562885139205	24.351523949515858
76-77	24.9387215173211	25.754888337044385	25.019010528900388	24.287379616734132
78-79	25.02382151415451	25.715390249647818	24.973709481132733	24.28707875506494
80-81	25.035869743730693	25.745449926745	24.970671709857616	24.24800861966669
82-83	25.08972369463353	25.901688462340687	24.884350799875822	24.12423704314996
84-85	25.234489989490505	26.062387266657893	24.69338025383367	24.009742490017935
86-87	25.375406340860167	26.277480216181942	24.527069791429298	23.820043651528593
88-89	25.518589081401842	26.34955638169113	24.479761396650233	23.652093140256788
90-91	25.857960821950716	25.95320208572165	24.295389454440674	23.893447637886965
92-93	25.273242044193612	25.708997975390325	24.698922638328817	24.318837342087246
94-95	25.280070850078246	25.714540662390228	24.68471603641105	24.320672451120473
96-97	25.23662912066444	25.797474854597617	24.622020786121748	24.343875238616196
98-99	25.2857216238127	26.028327612275298	24.580992985096962	24.104957778815038
100-101	25.36354690453016	26.560353811374153	24.317943348548962	23.758155935546725
102-103	25.689317425684493	26.979879685132385	23.9839371676614	23.346865721521727
104-105	25.981107181306427	27.04271237459985	23.842921977407887	23.13325846668583
106-107	26.757589587600616	27.06288316372703	23.302708847850624	22.876818400821726
108	27.50913831605474	27.492474590045607	22.502713424903625	22.495673668996023
>>END_MODULE
>>Per sequence GC content	warn
#GC Content	Count
0	988.0
1	522.5
2	44.5
3	26.0
4	17.5
5	15.5
6	18.5
7	31.5
8	43.0
9	56.0
10	80.5
11	120.5
12	156.5
13	203.5
14	261.0
15	303.0
16	364.0
17	434.5
18	538.5
19	696.0
20	813.5
21	999.5
22	1433.0
23	2097.5
24	3118.5
25	4777.0
26	6986.0
27	10159.0
28	14989.0
29	21084.0
30	25706.0
31	32028.5
32	42692.5
33	55520.0
34	70400.0
35	86459.5
36	103223.5
37	120422.5
38	137328.5
39	154660.5
40	166345.0
41	173609.5
42	182795.5
43	189472.5
44	192224.0
45	190627.5
46	186324.5
47	183135.0
48	180996.5
49	178526.0
50	177156.5
51	175703.5
52	172662.5
53	169556.5
54	164530.5
55	159673.0
56	155908.0
57	151587.0
58	145703.0
59	135896.0
60	127403.5
61	118141.0
62	105060.0
63	91320.0
64	77515.5
65	64375.5
66	51700.5
67	41175.0
68	32510.5
69	24989.0
70	20296.5
71	16529.0
72	12463.5
73	9231.0
74	6743.0
75	5141.5
76	4068.5
77	3141.5
78	2355.5
79	1800.5
80	1468.5
81	1267.0
82	1034.5
83	812.5
84	632.0
85	500.0
86	398.5
87	323.0
88	255.0
89	215.5
90	208.0
91	202.5
92	193.0
93	185.0
94	185.5
95	186.5
96	187.5
97	206.0
98	279.0
99	668.0
100	1217.0
>>END_MODULE
>>Per base N content	pass
#Base	N-Count
1	0.07880602805494599
2	0.003719397934275156
3	6.781222753098351E-4
4	0.0010480071527515632
5	4.3153235701534956E-4
6	6.781222753098351E-4
7	1.2329495914724275E-4
8	3.2878655772598065E-4
9	8.014172344570779E-4
10-11	5.342781563047185E-4
12-13	4.3153235701534956E-4
14-15	0.0019316210266401362
16-17	0.0013048716509749857
18-19	0.0010993800523962478
20-21	0.0010274579928936896
22-23	9.86359673177942E-4
24-25	0.0032467672575440592
26-27	0.0017158548481324616
28-29	0.014250842361435473
30-31	0.026765280714880612
32-33	0.03484110053902501
34-35	0.08055270664286526
36-37	0.10563295624940022
38-39	0.10984553402026435
40-41	0.0852687388302473
42-43	0.08795040419169982
44-45	0.1010607681810233
46-47	0.09065261871301022
48-49	0.10818105207177657
50-51	0.11593835991812393
52-53	0.1438646681649744
54-55	0.1725204715867794
56-57	0.15496121448822625
58-59	0.15118016907437748
60-61	0.16336582087009663
62-63	0.12221612825470438
64-65	0.10164641923697271
66-67	0.18464447590292493
68-69	0.24538779244279987
70-71	0.31417610506703236
72-73	0.3325059556602558
74-75	0.33091339577127055
76-77	0.3242143696576037
78-79	0.3338519256309465
80-81	0.3398728294693036
82-83	0.3474349202970011
84-85	0.30931622876064524
86-87	0.3082887707677515
88-89	0.33883509689648095
90-91	0.43449944698028775
92-93	0.6858074850064722
94-95	0.7434655320460503
96-97	0.826609144424551
98-99	0.8562795680163462
100-101	0.8606194210193253
102-103	0.8826065334272749
104-105	0.784406288181296
106-107	0.6884202536511228
108	0.6086865257749626
>>END_MODULE
>>Sequence Length Distribution	warn
#Length	Count
90	2608238.0
91	0.0
92	0.0
93	0.0
94	0.0
95	0.0
96	0.0
97	0.0
98	0.0
99	0.0
100	0.0
101	0.0
102	0.0
103	0.0
104	0.0
105	0.0
106	0.0
107	0.0
108	2258141.0
>>END_MODULE
>>Sequence Duplication Levels	pass
#Total Deduplicated Percentage	84.44141328420636
#Duplication Level	Percentage of deduplicated	Percentage of total
1	86.52894462611626	73.06626374220089
2	10.162748128659677	17.16313629670893
3	2.289090092635343	5.798820076710095
4	0.6518951708791851	2.2018779816875043
5	0.23151860263848287	0.977487900418904
6	0.08289495753983306	0.4199860421278669
7	0.0298967062917195	0.1767164092270933
8	0.013838141876113954	0.09348098057971369
9	0.006311868752484779	0.04796848061318117
>10	0.002827249159434734	0.02647667967898798
>50	0.0	0.0
>100	0.0	0.0
>500	3.445545150714316E-5	0.027785410046812186
>1k	0.0	0.0
>5k	0.0	0.0
>10k+	0.0	0.0
>>END_MODULE
>>Overrepresented sequences	pass
>>END_MODULE
>>Adapter Content	pass
#Position	Illumina Universal Adapter	Illumina Small RNA 3' Adapter	Illumina Small RNA 5' Adapter	Nextera Transposase Sequence	SOLID Small RNA Adapter
1	4.109831971574758E-5	0.0	0.0	0.0	6.164747957362138E-5
2	4.109831971574758E-5	0.0	0.0	0.0	6.164747957362138E-5
3	4.109831971574758E-5	0.0	0.0	2.054915985787379E-5	1.0274579928936895E-4
4	4.109831971574758E-5	0.0	0.0	2.054915985787379E-5	1.8494243872086411E-4
5	4.109831971574758E-5	0.0	0.0	2.054915985787379E-5	2.6713907815235926E-4
6	4.109831971574758E-5	0.0	0.0	2.054915985787379E-5	3.9043403729960204E-4
7	4.109831971574758E-5	0.0	0.0	2.054915985787379E-5	4.109831971574758E-4
8	4.109831971574758E-5	0.0	0.0	2.054915985787379E-5	4.315323570153496E-4
9	4.109831971574758E-5	0.0	0.0	2.054915985787379E-5	4.520815168732234E-4
10-11	4.109831971574758E-5	0.0	0.0	2.054915985787379E-5	4.829052566600341E-4
12-13	4.109831971574758E-5	0.0	0.0	2.054915985787379E-5	5.548273161625923E-4
14-15	4.109831971574758E-5	0.0	0.0	2.054915985787379E-5	7.192205950255826E-4
16-17	4.109831971574758E-5	0.0	0.0	2.054915985787379E-5	8.219663943149516E-4
18-19	4.109831971574758E-5	0.0	0.0	2.054915985787379E-5	8.630647140306992E-4
20-21	4.109831971574758E-5	0.0	0.0	2.054915985787379E-5	9.349867735332575E-4
22-23	4.109831971574758E-5	0.0	0.0	2.054915985787379E-5	0.0010582817326805001
24-25	4.109831971574758E-5	0.0	0.0	2.054915985787379E-5	0.0012021258516856166
26-27	4.109831971574758E-5	0.0	0.0	2.054915985787379E-5	0.0013151462309039226
28-29	4.109831971574758E-5	0.0	0.0	2.054915985787379E-5	0.0014178920301932915
30-31	7.192205950255827E-5	0.0	0.0	4.109831971574758E-5	0.0015925598889852187
32-33	2.1576617850767478E-4	0.0	0.0	4.109831971574758E-5	0.0016439327886299032
34-35	7.500443348123934E-4	0.0	0.0	4.109831971574758E-5	0.0017672277477771459
36-37	0.001664481948487777	0.0	0.0	5.137289964468448E-5	0.0018802481269954519
38-39	0.0029077061198891415	0.0	0.0	6.164747957362138E-5	0.0019316210266401364
40-41	0.004900974626102899	0.0	0.0	7.192205950255827E-5	0.001972719346355884
42-43	0.007829229905849914	0.0	0.0	8.219663943149516E-5	0.001993268506213758
44-45	0.01168219737920125	0.0	0.0	1.0274579928936895E-4	0.001993268506213758
46-47	0.017261294280613983	0.0	0.0	1.1302037921830584E-4	0.0020343668259295055
48-49	0.02525491746532689	0.0	0.0	1.2329495914724275E-4	0.002075465145645253
50-51	0.03470753099994883	0.0	0.0	1.2329495914724275E-4	0.0021268380452899374
52-53	0.045814351903129616	0.0	0.0	1.4384411900511654E-4	0.002157661785076748
54-55	0.05961311274769186	0.0	0.0	1.6439327886299033E-4	0.0022090346847214327
56-57	0.08068627618194144	0.0	0.0	1.6439327886299033E-4	0.0022193092646503694
58-59	0.10795501131333995	0.0	0.0	1.6439327886299033E-4	0.0022193092646503694
60-61	0.14091586372536952	0.0	0.0	1.6439327886299033E-4	0.0022193092646503694
62-63	0.17801737184876065	0.0	0.0	1.6439327886299033E-4	0.0022193092646503694
64-65	0.22365705589309834	0.0	0.0	1.6439327886299033E-4	0.0022193092646503694
66-67	0.2767663595457731	0.0	0.0	1.6439327886299033E-4	0.002239858424508243
68-69	0.342575043990614	0.0	0.0	1.6439327886299033E-4	0.002239858424508243
70-71	0.4178877148697214	0.0	0.0	1.6439327886299033E-4	0.002239858424508243
72-73	0.4987794826502416	0.0	0.0	1.6439327886299033E-4	0.002260407584366117
74-75	0.5943125268294969	0.0	0.0	1.6439327886299033E-4	0.0022706821642950537
76-77	0.6910476968604378	0.0	0.0	1.6439327886299033E-4	0.002280956744223991
78-79	0.8197265358904433	0.0	0.0	1.6439327886299033E-4	0.002280956744223991
80-81	0.8751270708672712	0.0	0.0	1.6439327886299033E-4	0.002280956744223991
82-83	0.9051904917393405	0.0	0.0	1.6439327886299033E-4	0.002280956744223991
84-85	0.9382643645305884	0.0	0.0	1.8494243872086411E-4	0.002280956744223991
86-87	0.9738966077241415	0.0	0.0	1.8494243872086411E-4	0.002280956744223991
88-89	1.017604670741839	0.0	0.0	1.9521701864980102E-4	0.002280956744223991
90-91	1.0653917419913246	0.0	0.0	2.054915985787379E-4	0.0023015059040818646
92-93	1.1149665901484451	0.0	0.0	2.054915985787379E-4	0.0023015059040818646
94-95	1.1737885602416087	0.0	0.0	2.054915985787379E-4	0.0023015059040818646
96-97	1.2851033591917111	0.0	0.0	2.054915985787379E-4	0.0023015059040818646
>>END_MODULE
