##FastQC	0.11.9
>>Basic Statistics	pass
#Measure	Value
Filename	SRR925780_4.bam
File type	Conventional base calls
Encoding	Sanger / Illumina 1.9
Total Sequences	2215355
Sequences flagged as poor quality	0
Sequence length	90-108
%GC	47
>>END_MODULE
>>Per base sequence quality	pass
#Base	Mean	Median	Lower Quartile	Upper Quartile	10th Percentile	90th Percentile
1	30.0	30.0	30.0	30.0	30.0	30.0
2	30.0	30.0	30.0	30.0	30.0	30.0
3	30.0	30.0	30.0	30.0	30.0	30.0
4	30.0	30.0	30.0	30.0	30.0	30.0
5	30.0	30.0	30.0	30.0	30.0	30.0
6	30.0	30.0	30.0	30.0	30.0	30.0
7	30.0	30.0	30.0	30.0	30.0	30.0
8	30.0	30.0	30.0	30.0	30.0	30.0
9	30.0	30.0	30.0	30.0	30.0	30.0
10-11	30.0	30.0	30.0	30.0	30.0	30.0
12-13	30.0	30.0	30.0	30.0	30.0	30.0
14-15	30.0	30.0	30.0	30.0	30.0	30.0
16-17	30.0	30.0	30.0	30.0	30.0	30.0
18-19	30.0	30.0	30.0	30.0	30.0	30.0
20-21	30.0	30.0	30.0	30.0	30.0	30.0
22-23	30.0	30.0	30.0	30.0	30.0	30.0
24-25	30.0	30.0	30.0	30.0	30.0	30.0
26-27	30.0	30.0	30.0	30.0	30.0	30.0
28-29	30.0	30.0	30.0	30.0	30.0	30.0
30-31	30.0	30.0	30.0	30.0	30.0	30.0
32-33	30.0	30.0	30.0	30.0	30.0	30.0
34-35	30.0	30.0	30.0	30.0	30.0	30.0
36-37	30.0	30.0	30.0	30.0	30.0	30.0
38-39	30.0	30.0	30.0	30.0	30.0	30.0
40-41	30.0	30.0	30.0	30.0	30.0	30.0
42-43	30.0	30.0	30.0	30.0	30.0	30.0
44-45	30.0	30.0	30.0	30.0	30.0	30.0
46-47	30.0	30.0	30.0	30.0	30.0	30.0
48-49	30.0	30.0	30.0	30.0	30.0	30.0
50-51	30.0	30.0	30.0	30.0	30.0	30.0
52-53	30.0	30.0	30.0	30.0	30.0	30.0
54-55	30.0	30.0	30.0	30.0	30.0	30.0
56-57	30.0	30.0	30.0	30.0	30.0	30.0
58-59	30.0	30.0	30.0	30.0	30.0	30.0
60-61	30.0	30.0	30.0	30.0	30.0	30.0
62-63	30.0	30.0	30.0	30.0	30.0	30.0
64-65	30.0	30.0	30.0	30.0	30.0	30.0
66-67	30.0	30.0	30.0	30.0	30.0	30.0
68-69	30.0	30.0	30.0	30.0	30.0	30.0
70-71	30.0	30.0	30.0	30.0	30.0	30.0
72-73	30.0	30.0	30.0	30.0	30.0	30.0
74-75	30.0	30.0	30.0	30.0	30.0	30.0
76-77	30.0	30.0	30.0	30.0	30.0	30.0
78-79	30.0	30.0	30.0	30.0	30.0	30.0
80-81	30.0	30.0	30.0	30.0	30.0	30.0
82-83	30.0	30.0	30.0	30.0	30.0	30.0
84-85	30.0	30.0	30.0	30.0	30.0	30.0
86-87	30.0	30.0	30.0	30.0	30.0	30.0
88-89	30.0	30.0	30.0	30.0	30.0	30.0
90-91	30.0	30.0	30.0	30.0	30.0	30.0
92-93	30.0	30.0	30.0	30.0	30.0	30.0
94-95	30.0	30.0	30.0	30.0	30.0	30.0
96-97	30.0	30.0	30.0	30.0	30.0	30.0
98-99	30.0	30.0	30.0	30.0	30.0	30.0
100-101	30.0	30.0	30.0	30.0	30.0	30.0
102-103	30.0	30.0	30.0	30.0	30.0	30.0
104-105	30.0	30.0	30.0	30.0	30.0	30.0
106-107	30.0	30.0	30.0	30.0	30.0	30.0
108	30.0	30.0	30.0	30.0	30.0	30.0
>>END_MODULE
>>Per sequence quality scores	pass
#Quality	Count
30	2215355.0
>>END_MODULE
>>Per base sequence content	pass
#Base	G	A	T	C
1	21.06646428781164	28.751982002737535	27.13755889540898	23.04399481404184
2	24.37893434871223	29.62435645396826	25.421247570832385	20.575461626487122
3	23.729733950905118	26.742134288008675	26.404353637337426	23.123778123748785
4	23.568112712880442	26.40358448049228	26.51982008984674	23.50848271678054
5	23.340969465252588	26.609760556482176	27.22059092376131	22.828679054503926
6	23.499282277212526	26.189072557711228	26.459234248467506	23.852410916608736
7	23.651158780614857	26.299007017413984	26.69790633156175	23.35192787040941
8	22.89726038527581	26.437516814514016	27.115965527763585	23.549257272446585
9	23.087253169385217	26.137311061306757	27.139055718435362	23.636380050872667
10-11	23.085133298741255	26.508507597128844	27.008565488828257	23.397793615301644
12-13	22.94906662393442	26.34093109651093	27.148705957762786	23.561296321791865
14-15	23.019195320916236	26.283169522217136	27.146165619143726	23.5514695377229
16-17	23.051253948635907	26.265594798408536	27.104569899996477	23.578581352959073
18-19	23.12680968965593	26.101736918379935	27.05863659682535	23.712816795138785
20-21	23.186444503377025	26.146512664548855	26.94905403804161	23.717988794032514
22-23	23.210367007615776	26.261778407830327	26.839907544478024	23.687947040075873
24-25	23.276297525137963	26.242814097572538	26.72408617440273	23.756802202886774
26-27	23.374794018809546	26.210490037179873	26.671914988027645	23.74280095598294
28-29	23.364539354167647	26.251431109891183	26.660177764615376	23.723851771325794
30-31	23.495410530574226	26.187641900606305	26.543791681274843	23.773155887544622
32-33	23.527985429709116	26.19053585825439	26.534541563913113	23.74693714812339
34-35	23.587647765431143	26.223741946792472	26.47187176849589	23.71673851928049
36-37	23.56163232237059	26.168073959283895	26.438853431375758	23.83144028696976
38-39	23.504503981384435	26.241710014950385	26.441937174040604	23.811848829624584
40-41	23.612276927497312	26.259307581867414	26.413180285861692	23.715235204773577
42-43	23.64947621756206	26.196237585382615	26.3099982425379	23.844287954517423
44-45	23.67134762223317	26.189064154553094	26.342942181308576	23.79664604190516
46-47	23.65565042483344	26.23460583065036	26.313717109632602	23.796026634883603
48-49	23.661257349844465	26.15385553906692	26.302727734467496	23.88215937662112
50-51	23.694399259956032	26.215682415572918	26.286496344180094	23.80342198029095
52-53	23.74388075475758	26.2331667782082	26.27016647149724	23.752785995536982
54-55	23.757448189091022	26.186922839530595	26.260537117444844	23.795091853933535
56-57	23.807645463727088	26.209760181850566	26.235619998137373	23.746974356284976
58-59	23.834357929132796	26.26452270457125	26.236290469688093	23.664828896607858
60-61	23.85432931754508	26.211897165497483	26.179253014101867	23.754520502855573
62-63	23.865237681602196	26.242505647033944	26.161765942080727	23.730490729283137
64-65	23.87289628241937	26.312815563285262	26.182410603016752	23.63187755127861
66-67	23.933239767890775	26.293359092094125	26.102746071121945	23.670655068893154
68-69	23.92606764259104	26.378556150192377	26.085109136496527	23.610267070720052
70-71	23.938785162792097	26.426951119918073	26.114116240900742	23.520147476389084
72-73	23.99392913061654	26.40914235608973	25.99085293359681	23.60607557969692
74-75	24.024326230181607	26.440350418729818	25.996801611603694	23.53852173948488
76-77	24.06646755534623	26.552264457270695	25.968380699637027	23.41288728774605
78-79	24.100759664973843	26.547308427240328	25.88807611776913	23.463855790016698
80-81	24.100731236543666	26.581441416264934	25.928313046873285	23.38951430031812
82-83	24.139043929731997	26.710655888446695	25.859030956731598	23.29126922508971
84-85	24.210120232291676	26.921465155456165	25.680134153401163	23.188280458851
86-87	24.424559261928998	27.094569875140817	25.47485520029268	23.00601566263751
88-89	24.546679119383935	27.168928779455552	25.43554314712535	22.848848954035162
90-91	24.882305639371037	26.77201276650833	25.25527415130603	23.090407442814605
92-93	24.2385621402739	26.498226553444663	25.69174364867352	23.57146765760791
94-95	24.30981824118632	26.54492005120864	25.70347171479257	23.441789992812474
96-97	24.33598317334158	26.5367602405431	25.63410088522292	23.493155700892395
98-99	24.28241604744907	26.77940239168904	25.627560486151634	23.31062107471026
100-101	24.362149105386617	27.26857737460138	25.364929401217267	23.00434411879473
102-103	24.7218942049018	27.726687937807583	24.988124083759978	22.56329377353064
104-105	25.0334879338866	27.877248422207902	24.74462026923801	22.344643374667488
106-107	25.85421038335368	27.803514448520524	24.225984552027708	22.116290616098087
108	26.71792684587846	28.11117772150691	23.34594954113391	21.82494589148073
>>END_MODULE
>>Per sequence GC content	warn
#GC Content	Count
0	54.0
1	35.0
2	19.5
3	20.0
4	18.0
5	17.5
6	19.5
7	24.5
8	29.5
9	42.5
10	50.0
11	53.5
12	77.0
13	102.0
14	119.5
15	145.5
16	182.0
17	211.5
18	276.0
19	371.0
20	424.0
21	564.5
22	819.5
23	1229.5
24	1816.0
25	2708.0
26	4104.0
27	6102.5
28	8678.0
29	12085.5
30	14859.0
31	17869.5
32	23222.5
33	29706.5
34	36814.5
35	45002.5
36	54638.0
37	64834.0
38	74869.5
39	84207.5
40	90095.5
41	94547.5
42	98357.0
43	100446.5
44	102704.0
45	102482.5
46	99674.5
47	96558.0
48	92513.5
49	87743.5
50	85359.5
51	82895.5
52	77387.0
53	71582.5
54	66009.0
55	61763.0
56	58362.5
57	53459.0
58	46583.0
59	39733.5
60	35778.5
61	32987.5
62	29549.0
63	26233.5
64	22955.5
65	19554.5
66	16532.5
67	14093.0
68	11761.0
69	9576.0
70	8093.5
71	6718.0
72	5099.0
73	3848.5
74	2941.0
75	2214.0
76	1624.5
77	1184.0
78	921.5
79	737.0
80	632.0
81	530.5
82	385.5
83	290.5
84	236.0
85	173.5
86	123.0
87	98.5
88	77.0
89	52.5
90	38.0
91	30.5
92	16.0
93	9.0
94	7.0
95	8.5
96	5.0
97	0.5
98	1.0
99	0.5
100	0.0
>>END_MODULE
>>Per base N content	pass
#Base	N-Count
1	0.07606004455267891
2	0.004062554308451693
3	5.416739077935591E-4
4	0.0012187662925355078
5	4.5139492316129923E-4
6	6.770923847419488E-4
7	4.062554308451693E-4
8	3.1597644621290943E-4
9	9.027898463225985E-4
10-11	5.191041616354941E-4
12-13	4.5139492316129923E-4
14-15	0.002234404869648431
16-17	0.0014896032464322875
18-19	0.001060778069429053
20-21	7.899411155322737E-4
22-23	8.802201001645334E-4
24-25	0.003611159385290394
26-27	0.0019635679157516514
28-29	0.013135592263993807
30-31	0.025120127473926303
32-33	0.03211674878292644
34-35	0.08107052819976934
36-37	0.10379826258094076
38-39	0.10691288755075373
40-41	0.08292124738473067
42-43	0.08739005712402753
44-45	0.10104475354965683
46-47	0.09104635600163405
48-49	0.1075674101893376
50-51	0.11345811393659257
52-53	0.14329531835755444
54-55	0.1727714068399873
56-57	0.1547833191520095
58-59	0.15096903205129653
60-61	0.16369836888444517
62-63	0.12138009483807337
64-65	0.10151871821897618
66-67	0.18365002448817458
68-69	0.24447549038415967
70-71	0.31604415545138365
72-73	0.33556698587810985
74-75	0.33258777938524525
76-77	0.3254557395992967
78-79	0.3343933590778904
80-81	0.3394264124711389
82-83	0.3472581143879875
84-85	0.30868641820385445
86-87	0.30636173434957376
88-89	0.34021635358667124
90-91	0.43508032657361073
92-93	0.6906466290219792
94-95	0.7486451370671726
96-97	0.8348524595023196
98-99	0.8640987259101172
100-101	0.8679521191192526
102-103	0.890677258557744
104-105	0.7906372425513415
106-107	0.6959820965423206
108	0.6171357431861634
>>END_MODULE
>>Sequence Length Distribution	warn
#Length	Count
90	1203260.0
91	0.0
92	0.0
93	0.0
94	0.0
95	0.0
96	0.0
97	0.0
98	0.0
99	0.0
100	0.0
101	0.0
102	0.0
103	0.0
104	0.0
105	0.0
106	0.0
107	0.0
108	1012095.0
>>END_MODULE
>>Sequence Duplication Levels	pass
#Total Deduplicated Percentage	82.62084153220749
#Duplication Level	Percentage of deduplicated	Percentage of total
1	85.00790242658326	70.23424435372091
2	11.094731189552721	18.333120549089504
3	2.630390605010663	6.519752560331801
4	0.7864481697959684	2.5990803844002928
5	0.2845081025959646	1.175314942960511
6	0.10534742380614438	0.5222335684868253
7	0.04516273000071875	0.26119679309858795
8	0.020952639805581603	0.13848997864467041
9	0.011836867177183224	0.0880174734555459
>10	0.0126405231971779	0.12383073929700329
>50	7.932247459222108E-5	0.004718656514323046
>100	0.0	0.0
>500	0.0	0.0
>1k	0.0	0.0
>5k	0.0	0.0
>10k+	0.0	0.0
>>END_MODULE
>>Overrepresented sequences	pass
>>END_MODULE
>>Adapter Content	pass
#Position	Illumina Universal Adapter	Illumina Small RNA 3' Adapter	Illumina Small RNA 5' Adapter	Nextera Transposase Sequence	SOLID Small RNA Adapter
1	0.0	0.0	0.0	0.0	0.0
2	0.0	0.0	0.0	0.0	0.0
3	0.0	0.0	0.0	0.0	0.0
4	0.0	0.0	0.0	0.0	0.0
5	0.0	0.0	0.0	0.0	0.0
6	0.0	0.0	0.0	0.0	0.0
7	0.0	0.0	0.0	0.0	0.0
8	0.0	0.0	0.0	0.0	0.0
9	0.0	0.0	0.0	0.0	0.0
10-11	0.0	0.0	0.0	0.0	0.0
12-13	0.0	0.0	0.0	0.0	0.0
14-15	0.0	0.0	0.0	0.0	0.0
16-17	0.0	0.0	0.0	0.0	0.0
18-19	0.0	0.0	0.0	0.0	0.0
20-21	0.0	0.0	0.0	0.0	0.0
22-23	0.0	0.0	0.0	0.0	0.0
24-25	0.0	0.0	0.0	0.0	0.0
26-27	0.0	0.0	0.0	4.513949231612992E-5	0.0
28-29	2.256974615806496E-5	0.0	0.0	4.513949231612992E-5	0.0
30-31	1.1284873079032481E-4	0.0	0.0	4.513949231612992E-5	0.0
32-33	2.4826720773871456E-4	0.0	0.0	9.027898463225985E-5	0.0
34-35	8.802201001645335E-4	0.0	0.0	9.027898463225985E-5	0.0
36-37	0.0019635679157516514	0.0	0.0	9.027898463225985E-5	0.0
38-39	0.0035885896391323288	2.256974615806496E-5	0.0	9.027898463225985E-5	0.0
40-41	0.006229249939625928	4.513949231612992E-5	0.0	1.3541847694838977E-4	0.0
42-43	0.008147678363061451	4.513949231612992E-5	0.0	1.3541847694838977E-4	0.0
44-45	0.011600849525245389	4.513949231612992E-5	0.0	1.3541847694838977E-4	0.0
46-47	0.017040158349339043	4.513949231612992E-5	0.0	1.3541847694838977E-4	0.0
48-49	0.023946500673706926	4.513949231612992E-5	0.0	1.3541847694838977E-4	0.0
50-51	0.03389975872941357	4.513949231612992E-5	0.0	1.3541847694838977E-4	0.0
52-53	0.045094352823813785	4.513949231612992E-5	0.0	1.3541847694838977E-4	0.0
54-55	0.05829765432628179	4.513949231612992E-5	0.0	1.3541847694838977E-4	0.0
56-57	0.07824930993001122	4.513949231612992E-5	0.0	1.3541847694838977E-4	0.0
58-59	0.10323401892698914	4.513949231612992E-5	0.0	1.3541847694838977E-4	0.0
60-61	0.13438026862511876	4.513949231612992E-5	0.0	1.3541847694838977E-4	0.0
62-63	0.1716654892782421	4.513949231612992E-5	0.0	1.5798822310645472E-4	0.0
64-65	0.2171886672790591	4.513949231612992E-5	0.0	1.805579692645197E-4	0.0
66-67	0.2671355155268569	4.513949231612992E-5	0.0	2.2569746158064962E-4	0.0
68-69	0.3274193075150484	4.513949231612992E-5	0.0	2.2569746158064962E-4	0.0
70-71	0.39885255410532394	4.513949231612992E-5	0.0	2.2569746158064962E-4	0.0
72-73	0.47376154160394157	4.513949231612992E-5	0.0	2.2569746158064962E-4	0.0
74-75	0.564266223697782	4.513949231612992E-5	0.0	2.2569746158064962E-4	0.0
76-77	0.6535972789914032	4.513949231612992E-5	0.0	2.2569746158064962E-4	0.0
78-79	0.7770989299683346	4.513949231612992E-5	0.0	2.2569746158064962E-4	0.0
80-81	0.8294381713088873	4.513949231612992E-5	0.0	2.2569746158064962E-4	0.0
82-83	0.8571538195909911	4.513949231612992E-5	0.0	2.2569746158064962E-4	0.0
84-85	0.88807437182754	4.513949231612992E-5	0.0	2.2569746158064962E-4	0.0
86-87	0.9232154665956472	4.513949231612992E-5	0.0	2.2569746158064962E-4	0.0
88-89	0.9628479408492092	4.513949231612992E-5	0.0	3.1597644621290943E-4	0.0
90-91	1.0081905608807618	4.513949231612992E-5	0.0	3.1597644621290943E-4	0.0
92-93	1.0533526229430499	4.513949231612992E-5	0.0	3.1597644621290943E-4	0.0
94-95	1.1052178996142832	4.513949231612992E-5	0.0	3.1597644621290943E-4	0.0
96-97	1.2092192899106464	4.513949231612992E-5	0.0	3.1597644621290943E-4	0.0
>>END_MODULE
