##FastQC	0.11.9
>>Basic Statistics	pass
#Measure	Value
Filename	SRR925780_9.bam
File type	Conventional base calls
Encoding	Sanger / Illumina 1.9
Total Sequences	4801748
Sequences flagged as poor quality	0
Sequence length	90-108
%GC	50
>>END_MODULE
>>Per base sequence quality	pass
#Base	Mean	Median	Lower Quartile	Upper Quartile	10th Percentile	90th Percentile
1	30.0	30.0	30.0	30.0	30.0	30.0
2	30.0	30.0	30.0	30.0	30.0	30.0
3	30.0	30.0	30.0	30.0	30.0	30.0
4	30.0	30.0	30.0	30.0	30.0	30.0
5	30.0	30.0	30.0	30.0	30.0	30.0
6	30.0	30.0	30.0	30.0	30.0	30.0
7	30.0	30.0	30.0	30.0	30.0	30.0
8	30.0	30.0	30.0	30.0	30.0	30.0
9	30.0	30.0	30.0	30.0	30.0	30.0
10-11	30.0	30.0	30.0	30.0	30.0	30.0
12-13	30.0	30.0	30.0	30.0	30.0	30.0
14-15	30.0	30.0	30.0	30.0	30.0	30.0
16-17	30.0	30.0	30.0	30.0	30.0	30.0
18-19	30.0	30.0	30.0	30.0	30.0	30.0
20-21	30.0	30.0	30.0	30.0	30.0	30.0
22-23	30.0	30.0	30.0	30.0	30.0	30.0
24-25	30.0	30.0	30.0	30.0	30.0	30.0
26-27	30.0	30.0	30.0	30.0	30.0	30.0
28-29	30.0	30.0	30.0	30.0	30.0	30.0
30-31	30.0	30.0	30.0	30.0	30.0	30.0
32-33	30.0	30.0	30.0	30.0	30.0	30.0
34-35	30.0	30.0	30.0	30.0	30.0	30.0
36-37	30.0	30.0	30.0	30.0	30.0	30.0
38-39	30.0	30.0	30.0	30.0	30.0	30.0
40-41	30.0	30.0	30.0	30.0	30.0	30.0
42-43	30.0	30.0	30.0	30.0	30.0	30.0
44-45	30.0	30.0	30.0	30.0	30.0	30.0
46-47	30.0	30.0	30.0	30.0	30.0	30.0
48-49	30.0	30.0	30.0	30.0	30.0	30.0
50-51	30.0	30.0	30.0	30.0	30.0	30.0
52-53	30.0	30.0	30.0	30.0	30.0	30.0
54-55	30.0	30.0	30.0	30.0	30.0	30.0
56-57	30.0	30.0	30.0	30.0	30.0	30.0
58-59	30.0	30.0	30.0	30.0	30.0	30.0
60-61	30.0	30.0	30.0	30.0	30.0	30.0
62-63	30.0	30.0	30.0	30.0	30.0	30.0
64-65	30.0	30.0	30.0	30.0	30.0	30.0
66-67	30.0	30.0	30.0	30.0	30.0	30.0
68-69	30.0	30.0	30.0	30.0	30.0	30.0
70-71	30.0	30.0	30.0	30.0	30.0	30.0
72-73	30.0	30.0	30.0	30.0	30.0	30.0
74-75	30.0	30.0	30.0	30.0	30.0	30.0
76-77	30.0	30.0	30.0	30.0	30.0	30.0
78-79	30.0	30.0	30.0	30.0	30.0	30.0
80-81	30.0	30.0	30.0	30.0	30.0	30.0
82-83	30.0	30.0	30.0	30.0	30.0	30.0
84-85	30.0	30.0	30.0	30.0	30.0	30.0
86-87	30.0	30.0	30.0	30.0	30.0	30.0
88-89	30.0	30.0	30.0	30.0	30.0	30.0
90-91	30.0	30.0	30.0	30.0	30.0	30.0
92-93	30.0	30.0	30.0	30.0	30.0	30.0
94-95	30.0	30.0	30.0	30.0	30.0	30.0
96-97	30.0	30.0	30.0	30.0	30.0	30.0
98-99	30.0	30.0	30.0	30.0	30.0	30.0
100-101	30.0	30.0	30.0	30.0	30.0	30.0
102-103	30.0	30.0	30.0	30.0	30.0	30.0
104-105	30.0	30.0	30.0	30.0	30.0	30.0
106-107	30.0	30.0	30.0	30.0	30.0	30.0
108	30.0	30.0	30.0	30.0	30.0	30.0
>>END_MODULE
>>Per sequence quality scores	pass
#Quality	Count
30	4801748.0
>>END_MODULE
>>Per base sequence content	pass
#Base	G	A	T	C
1	22.777246888042477	26.682812198769284	25.30326540607854	25.236675507109695
2	26.56532590685186	27.424026711341078	23.518584392226185	22.492062989580877
3	25.881722528374794	24.673340262810594	24.313010221985547	25.13192698682906
4	25.502008032128515	24.47277181740861	24.41510493331967	25.610115217143203
5	25.17619122889334	24.624683161926825	25.314703431649715	24.88442217753012
6	25.269544655871485	24.161543317181444	24.497215470575163	26.071696556371908
7	25.40560758407305	24.174180772123147	24.88227722118637	25.537934422617436
8	24.63868683749014	24.40606190988606	25.218603913055336	25.736647339568457
9	24.801215739131738	24.100982821041267	25.19109946335539	25.90670197647161
10-11	24.802576075296308	24.50660939833472	25.117067352698186	25.573747173670785
12-13	24.706644456590542	24.30008218922181	25.294422868284094	25.698850485903552
14-15	24.783754089608546	24.307470044421176	25.25658099093614	25.65219487503414
16-17	24.747094410242386	24.306478985641107	25.24907360799618	25.697352996120326
18-19	24.834183864728022	24.190370751716475	25.133692122629796	25.841753260925703
20-21	24.903359737526266	24.208626549828868	25.11475364087236	25.7732600717725
22-23	24.93213870236953	24.294052988666945	25.04080841267666	25.732999896286863
24-25	24.962621779896796	24.23878908520568	24.967994996660483	25.83059413823704
26-27	25.035445956786756	24.267130893463033	24.95281855752033	25.74460459222988
28-29	25.087646361926154	24.313950601444	24.907854680332388	25.69054835629746
30-31	25.119157218577165	24.28163776351371	24.829384444552534	25.76982057335659
32-33	25.203753037038197	24.30683655851816	24.787523209091454	25.701887195352192
34-35	25.218026542724196	24.376933778664736	24.740069926061786	25.664969752549275
36-37	25.249697685964694	24.30498521863916	24.707466023092092	25.737851072304053
38-39	25.240078706537528	24.336252374622436	24.707268888151322	25.716400030688714
40-41	25.259695913346427	24.36826477639133	24.714922019055674	25.65711729120657
42-43	25.354386855711898	24.343002370777615	24.608948841312145	25.693661932198346
44-45	25.373527928575495	24.375330552229908	24.619415426264105	25.63172609293049
46-47	25.365045359173532	24.41735108763215	24.58493886172883	25.63266469146549
48-49	25.410011220218575	24.359455191884084	24.544749325473482	25.685784262423862
50-51	25.42019401901703	24.43184560540432	24.52727162985544	25.620688745723214
52-53	25.465244015297067	24.463802420731852	24.554500355836634	25.516453208134454
54-55	25.511776545207397	24.413258856190634	24.465390909037808	25.609573689564158
56-57	25.52045735881956	24.461292505868723	24.47765505575677	25.540595079554944
58-59	25.545032133221028	24.505675442110096	24.441687435481455	25.507604989187428
60-61	25.60859130298383	24.464978231594475	24.42316645613028	25.503264009291414
62-63	25.6329936071993	24.490619305173876	24.417016609605465	25.45937047802136
64-65	25.689021148855	24.632109986553957	24.344010256517162	25.33485860807388
66-67	25.721739052423416	24.59747779001654	24.284034922586486	25.396748234973554
68-69	25.72551462511059	24.625943543737133	24.26179275710797	25.386749074044307
70-71	25.759710829671544	24.6856836308566	24.265446178364805	25.289159361107043
72-73	25.845097216972583	24.677317209797565	24.158674162623143	25.31891141060671
74-75	25.8617299850381	24.719644591683892	24.183379274854545	25.235246148423464
76-77	25.94571607735351	24.80720590550313	24.09258420290238	25.154493814240976
78-79	26.00484947002668	24.78314239807442	24.037586004442037	25.174422127456857
80-81	26.016565773366658	24.80909534738112	24.03234422273329	25.141994656518936
82-83	26.071101093805115	24.9475498464527	23.97809965779932	25.003249401942874
84-85	26.208958859167048	25.11557288031786	23.784200036806183	24.891268223708906
86-87	26.31965278767816	25.30536960241975	23.65711373229746	24.71786387760463
88-89	26.454648247597852	25.399543051022977	23.629030311812464	24.516778389566714
90-91	26.878006245269948	24.95099511863468	23.378047547708583	24.79295108838679
92-93	26.239988213638487	24.69443034329336	23.871632813889214	25.193948629178948
94-95	26.27684433813322	24.78722044500777	23.75822737963275	25.177707837226254
96-97	26.296809306088427	24.848009396127217	23.711915987568407	25.143265310215952
98-99	26.292488366841155	25.02609978578446	23.672054268828127	25.009357578546254
100-101	26.363413825022874	25.543336739917137	23.453995066695917	24.63925436836407
102-103	26.600185492555433	25.95903419882403	23.14705358299677	24.293726725623774
104-105	26.841754097137212	26.141812798729287	23.02586100309548	23.990572101038026
106-107	27.535204182925536	26.157195345934458	22.582781132676836	23.724819338463167
108	28.32192047398024	26.481332802537143	21.87701689577639	23.319729827706226
>>END_MODULE
>>Per sequence GC content	pass
#GC Content	Count
0	35.0
1	26.0
2	16.0
3	12.5
4	10.0
5	12.0
6	18.5
7	22.0
8	30.5
9	38.5
10	50.5
11	75.5
12	109.0
13	153.5
14	202.0
15	254.0
16	295.0
17	349.0
18	444.5
19	574.5
20	671.0
21	784.0
22	1087.5
23	1571.5
24	2317.5
25	3473.0
26	5174.0
27	7508.5
28	10764.5
29	15172.0
30	18620.5
31	22286.5
32	28336.0
33	36094.0
34	45591.0
35	57675.5
36	71388.5
37	85765.0
38	99750.5
39	112642.5
40	121772.5
41	132020.5
42	145976.5
43	156868.0
44	164180.0
45	168852.0
46	172344.0
47	175247.5
48	181060.0
49	187003.0
50	190009.5
51	192186.5
52	192952.5
53	192521.5
54	191502.0
55	186607.0
56	180014.5
57	175643.5
58	169415.5
59	159597.0
60	150980.5
61	140897.5
62	126463.0
63	110664.5
64	94395.0
65	79885.5
66	67170.5
67	54530.0
68	42848.0
69	33529.0
70	27191.0
71	22329.5
72	16859.0
73	12532.5
74	9495.5
75	7219.5
76	5388.0
77	3959.5
78	2934.5
79	2229.5
80	1842.5
81	1503.0
82	1123.0
83	884.0
84	673.0
85	484.0
86	365.0
87	278.0
88	204.5
89	148.0
90	107.0
91	93.5
92	63.0
93	36.0
94	24.5
95	15.0
96	6.5
97	3.0
98	3.5
99	1.0
100	0.0
>>END_MODULE
>>Per base N content	pass
#Base	N-Count
1	0.07753426460530623
2	0.003998543863609668
3	8.12204222295714E-4
4	6.664239772682782E-4
5	1.0412874644816844E-4
6	8.12204222295714E-4
7	2.0825749289633694E-5
8	5.622952308201098E-4
9	0.0012495449573780215
10-11	5.206437322408423E-4
12-13	4.894051083063918E-4
14-15	0.0020096848064496513
16-17	0.001145416210929853
18-19	9.163329687438825E-4
20-21	0.001010048840547234
22-23	8.746814701646151E-4
24-25	0.0032279911398932224
26-27	0.0014994539488536259
28-29	0.01324517654820703
30-31	0.026292508478162537
32-33	0.034060512963195906
34-35	0.07961683953426961
36-37	0.10407668207494437
38-39	0.10821059330893668
40-41	0.08475038673416431
42-43	0.08676007154061395
44-45	0.10102570980401304
46-47	0.08875934347241879
48-49	0.10517003391265015
50-51	0.11167808056566067
52-53	0.13975119060808688
54-55	0.16977150820909384
56-57	0.1512574170906095
58-59	0.1478524070817544
60-61	0.15919202756995993
62-63	0.11928989193102177
64-65	0.09992194509166245
66-67	0.18096534845227197
68-69	0.24078731328674474
70-71	0.3084605856034094
72-73	0.3269850895965386
74-75	0.32469425717467887
76-77	0.3171657488064763
78-79	0.32608958237708435
80-81	0.33147303856845467
82-83	0.33846007745512674
84-85	0.30216079644329524
86-87	0.3014631338420925
88-89	0.33059835709829005
90-91	0.4218578337542898
92-93	0.6574083408945794
94-95	0.7133659837667563
96-97	0.7983305122368377
98-99	0.8267625662603935
100-101	0.832002377149649
102-103	0.8575381643947555
104-105	0.757429034831256
106-107	0.6661855768567502
108	0.5897329774683711
>>END_MODULE
>>Sequence Length Distribution	warn
#Length	Count
90	2540216.0
91	0.0
92	0.0
93	0.0
94	0.0
95	0.0
96	0.0
97	0.0
98	0.0
99	0.0
100	0.0
101	0.0
102	0.0
103	0.0
104	0.0
105	0.0
106	0.0
107	0.0
108	2261532.0
>>END_MODULE
>>Sequence Duplication Levels	warn
#Total Deduplicated Percentage	68.82465279611726
#Duplication Level	Percentage of deduplicated	Percentage of total
1	77.79364471883181	53.54120587518101
2	12.984025195210485	17.872420519128006
3	4.533787626168192	9.361090776670757
4	2.037573333961954	5.609411090262344
5	1.065788524510589	3.66762625767637
6	0.5791881470423624	2.3917453874290264
7	0.31757387611457394	1.5299838232491898
8	0.19214553007863364	1.0579479515190293
9	0.12529408226885932	0.7760989538606158
>10	0.3675618606217313	4.048540696163973
>50	0.0034171051907826277	0.14392866885963504
>100	0.0	0.0
>500	0.0	0.0
>1k	0.0	0.0
>5k	0.0	0.0
>10k+	0.0	0.0
>>END_MODULE
>>Overrepresented sequences	pass
>>END_MODULE
>>Adapter Content	pass
#Position	Illumina Universal Adapter	Illumina Small RNA 3' Adapter	Illumina Small RNA 5' Adapter	Nextera Transposase Sequence	SOLID Small RNA Adapter
1	0.0	1.0412874644816846E-4	0.0	0.0	0.0
2	0.0	1.4578024502743584E-4	0.0	0.0	0.0
3	0.0	1.8743174360670323E-4	0.0	0.0	0.0
4	0.0	2.70734740765238E-4	0.0	0.0	0.0
5	0.0	2.915604900548717E-4	0.0	0.0	0.0
6	0.0	3.1238623934450537E-4	0.0	0.0	0.0
7	0.0	3.1238623934450537E-4	0.0	0.0	0.0
8	0.0	3.7486348721340647E-4	0.0	0.0	0.0
9	0.0	3.9568923650304015E-4	0.0	0.0	0.0
10-11	0.0	4.581664843719412E-4	0.0	0.0	0.0
12-13	0.0	5.622952308201098E-4	0.0	0.0	0.0
14-15	0.0	6.455982279786445E-4	0.0	0.0	0.0
16-17	0.0	7.705527237164467E-4	0.0	0.0	0.0
18-19	0.0	7.913784730060803E-4	0.0	0.0	0.0
20-21	0.0	8.434428462301645E-4	0.0	1.0412874644816845E-5	0.0
22-23	0.0	9.47571592678333E-4	0.0	2.082574928963369E-5	0.0
24-25	0.0	9.99635965902417E-4	0.0	2.082574928963369E-5	0.0
26-27	0.0	0.0010204617151920508	0.0	2.082574928963369E-5	0.0
28-29	2.082574928963369E-5	0.0011037647123505858	0.0	2.082574928963369E-5	0.0
30-31	3.1238623934450534E-5	0.001145416210929853	0.0	2.082574928963369E-5	0.0
32-33	1.6660599431706953E-4	0.0012495449573780215	0.0	2.082574928963369E-5	0.0
34-35	5.727081054649265E-4	0.0013328479545365562	0.0	2.082574928963369E-5	0.0
36-37	0.0016139955699466112	0.001426563826339908	0.0	4.165149857926738E-5	0.0
38-39	0.0029989078977072517	0.001489041074208809	0.0	4.165149857926738E-5	0.0
40-41	0.005154372949184339	0.0015931698206569775	0.0	4.165149857926738E-5	0.0
42-43	0.00805956497508824	0.0016556470685258784	0.0	4.165149857926738E-5	0.0
44-45	0.012297604955528695	0.0017701886896188638	0.0	4.165149857926738E-5	0.0
46-47	0.017983034511598692	0.0018639045614222156	0.0	4.165149857926738E-5	0.0
48-49	0.02499089914756043	0.001978446182515201	0.0	4.165149857926738E-5	0.0
50-51	0.034091751587130355	0.002082574928963369	0.0	4.165149857926738E-5	0.0
52-53	0.04520228883314993	0.002176290800766721	0.0	4.165149857926738E-5	0.0
54-55	0.0596449459655109	0.0022595937979252552	0.0	4.165149857926738E-5	0.0
56-57	0.07976261977929705	0.0023845482936630576	0.0	4.165149857926738E-5	0.0
58-59	0.10732549896412723	0.0025303285386904933	0.0	4.165149857926738E-5	0.0
60-61	0.13909517950546343	0.0026448701597834787	0.0	4.165149857926738E-5	0.0
62-63	0.17904937951762567	0.002759411780876464	0.0	4.165149857926738E-5	0.0
64-65	0.22985379490968705	0.002915604900548717	0.0	5.206437322408423E-5	0.0
66-67	0.28321977746437343	0.003092623769510603	0.0	6.247724786890107E-5	0.0
68-69	0.3502266258037698	0.003207165390603588	0.0	6.247724786890107E-5	0.0
70-71	0.424751569636724	0.0033321198863413906	0.0	6.247724786890107E-5	0.0
72-73	0.5100330129777739	0.003436248632789559	0.0	6.247724786890107E-5	0.0
74-75	0.607986924761566	0.0035403773792377275	0.0	6.247724786890107E-5	0.0
76-77	0.7096269941696233	0.0036236803763962625	0.0	6.247724786890107E-5	0.0
78-79	0.84313045999082	0.0036757447496203466	0.0	6.247724786890107E-5	0.0
80-81	0.9024526068423415	0.0037486348721340644	0.0	6.247724786890107E-5	0.0
82-83	0.9332018256684858	0.003769460621423698	0.0	6.247724786890107E-5	0.0
84-85	0.9683452775947425	0.003790286370713332	0.0	6.247724786890107E-5	0.0
86-87	1.0078725497464673	0.0038215249946477823	0.0	6.247724786890107E-5	0.0
88-89	1.055594754243663	0.0039048279918063172	0.0	6.247724786890107E-5	0.0
90-91	1.1065449498807518	0.003967305239675218	0.0	6.247724786890107E-5	0.0
92-93	1.1596922620678969	0.003988130988964852	0.0	6.247724786890107E-5	0.0
94-95	1.2209928551019336	0.004133911233992288	0.0	6.247724786890107E-5	0.0
96-97	1.3346493818501095	0.004227627105795639	0.0	6.247724786890107E-5	0.0
>>END_MODULE
