##FastQC	0.11.9
>>Basic Statistics	pass
#Measure	Value
Filename	SRR925780_6.bam
File type	Conventional base calls
Encoding	Sanger / Illumina 1.9
Total Sequences	3193258
Sequences flagged as poor quality	0
Sequence length	90-108
%GC	49
>>END_MODULE
>>Per base sequence quality	pass
#Base	Mean	Median	Lower Quartile	Upper Quartile	10th Percentile	90th Percentile
1	30.0	30.0	30.0	30.0	30.0	30.0
2	30.0	30.0	30.0	30.0	30.0	30.0
3	30.0	30.0	30.0	30.0	30.0	30.0
4	30.0	30.0	30.0	30.0	30.0	30.0
5	30.0	30.0	30.0	30.0	30.0	30.0
6	30.0	30.0	30.0	30.0	30.0	30.0
7	30.0	30.0	30.0	30.0	30.0	30.0
8	30.0	30.0	30.0	30.0	30.0	30.0
9	30.0	30.0	30.0	30.0	30.0	30.0
10-11	30.0	30.0	30.0	30.0	30.0	30.0
12-13	30.0	30.0	30.0	30.0	30.0	30.0
14-15	30.0	30.0	30.0	30.0	30.0	30.0
16-17	30.0	30.0	30.0	30.0	30.0	30.0
18-19	30.0	30.0	30.0	30.0	30.0	30.0
20-21	30.0	30.0	30.0	30.0	30.0	30.0
22-23	30.0	30.0	30.0	30.0	30.0	30.0
24-25	30.0	30.0	30.0	30.0	30.0	30.0
26-27	30.0	30.0	30.0	30.0	30.0	30.0
28-29	30.0	30.0	30.0	30.0	30.0	30.0
30-31	30.0	30.0	30.0	30.0	30.0	30.0
32-33	30.0	30.0	30.0	30.0	30.0	30.0
34-35	30.0	30.0	30.0	30.0	30.0	30.0
36-37	30.0	30.0	30.0	30.0	30.0	30.0
38-39	30.0	30.0	30.0	30.0	30.0	30.0
40-41	30.0	30.0	30.0	30.0	30.0	30.0
42-43	30.0	30.0	30.0	30.0	30.0	30.0
44-45	30.0	30.0	30.0	30.0	30.0	30.0
46-47	30.0	30.0	30.0	30.0	30.0	30.0
48-49	30.0	30.0	30.0	30.0	30.0	30.0
50-51	30.0	30.0	30.0	30.0	30.0	30.0
52-53	30.0	30.0	30.0	30.0	30.0	30.0
54-55	30.0	30.0	30.0	30.0	30.0	30.0
56-57	30.0	30.0	30.0	30.0	30.0	30.0
58-59	30.0	30.0	30.0	30.0	30.0	30.0
60-61	30.0	30.0	30.0	30.0	30.0	30.0
62-63	30.0	30.0	30.0	30.0	30.0	30.0
64-65	30.0	30.0	30.0	30.0	30.0	30.0
66-67	30.0	30.0	30.0	30.0	30.0	30.0
68-69	30.0	30.0	30.0	30.0	30.0	30.0
70-71	30.0	30.0	30.0	30.0	30.0	30.0
72-73	30.0	30.0	30.0	30.0	30.0	30.0
74-75	30.0	30.0	30.0	30.0	30.0	30.0
76-77	30.0	30.0	30.0	30.0	30.0	30.0
78-79	30.0	30.0	30.0	30.0	30.0	30.0
80-81	30.0	30.0	30.0	30.0	30.0	30.0
82-83	30.0	30.0	30.0	30.0	30.0	30.0
84-85	30.0	30.0	30.0	30.0	30.0	30.0
86-87	30.0	30.0	30.0	30.0	30.0	30.0
88-89	30.0	30.0	30.0	30.0	30.0	30.0
90-91	30.0	30.0	30.0	30.0	30.0	30.0
92-93	30.0	30.0	30.0	30.0	30.0	30.0
94-95	30.0	30.0	30.0	30.0	30.0	30.0
96-97	30.0	30.0	30.0	30.0	30.0	30.0
98-99	30.0	30.0	30.0	30.0	30.0	30.0
100-101	30.0	30.0	30.0	30.0	30.0	30.0
102-103	30.0	30.0	30.0	30.0	30.0	30.0
104-105	30.0	30.0	30.0	30.0	30.0	30.0
106-107	30.0	30.0	30.0	30.0	30.0	30.0
108	30.0	30.0	30.0	30.0	30.0	30.0
>>END_MODULE
>>Per sequence quality scores	pass
#Quality	Count
30	3193258.0
>>END_MODULE
>>Per base sequence content	pass
#Base	G	A	T	C
1	22.07033049692069	27.4674752793318	26.11894128155705	24.343252942190464
2	25.66638293288036	28.317978512646196	24.3534095343321	21.66222902014134
3	24.90168299176824	25.508683651286056	25.234667463349158	24.35496589359654
4	24.698032269601047	25.24929366013387	25.29664395397501	24.756030116290066
5	24.470069346320734	25.364738347914102	26.08817104089629	24.077021264868872
6	24.50647979649465	24.88312002287337	25.387029383699844	25.223370796932137
7	24.71042096217779	24.924497127696622	25.642416392547297	24.722665517578296
8	23.903546543490176	25.144476630392234	26.095138182102872	24.85683864401472
9	24.071300845852008	24.858497508792038	26.0902910219433	24.979910623412657
10-11	24.104445477875956	25.220363611310752	25.94602042749617	24.729170483317127
12-13	23.96118179506483	25.053503584442655	26.125548188613212	24.859766431879304
14-15	23.99549604424161	25.098232396225345	26.078176295638876	24.828095263894166
16-17	24.054604332013405	25.02794587230189	26.033856351874817	24.88359344380989
18-19	24.107921429411373	24.927248440098516	25.918626920292787	25.04620321019732
20-21	24.17642899285613	24.924825286512583	25.921888446424745	24.97685727420654
22-23	24.23662314280887	25.011418690701685	25.822008721891116	24.92994944459833
24-25	24.330739657867838	24.99082411360311	25.69360932395326	24.98482690457579
26-27	24.338122612413187	25.037043462711566	25.646712389748433	24.978121535126814
28-29	24.40596035502301	25.07399705624747	25.646069742724677	24.87397284600485
30-31	24.469780594978406	25.02596750084261	25.516546529125574	24.987705375053405
32-33	24.49981995319566	25.07067561486493	25.51704132430494	24.91246310763447
34-35	24.456269400481727	25.144842043704667	25.471562256967562	24.92732629884604
36-37	24.555424644561498	25.018193354092748	25.43560210950432	24.99077989184143
38-39	24.576081763474786	25.037242733591565	25.376079506339416	25.010595996594233
40-41	24.60916252391975	25.100352862840143	25.386958915306806	24.903525697933297
42-43	24.674309903705744	25.048479360658547	25.28593184900454	24.991278886631168
44-45	24.664590341687692	25.070048931198368	25.319775310520086	24.94558541659385
46-47	24.704611097790128	25.1174205560022	25.265565569801176	24.912402776406502
48-49	24.773306164034643	25.05736118186449	25.25421842548689	24.915114228613973
50-51	24.77392319596291	25.099463134212684	25.269514525850067	24.857099143974338
52-53	24.81962694651819	25.121486130016617	25.227358718816234	24.831528204648954
54-55	24.8196607149579	25.141081220121208	25.162396326085045	24.87686173883584
56-57	24.84320618688298	25.146537959361105	25.162690144939994	24.847565708815925
58-59	24.87132197568027	25.206810828289267	25.1466881648835	24.77517903114696
60-61	24.913737332707043	25.157520233557317	25.120711273939744	24.808031159795895
62-63	24.942140833827285	25.206937738473588	25.117282093593346	24.73363933410578
64-65	24.98739049163133	25.328842498855035	24.999271171983665	24.684495837529973
66-67	24.992384201429793	25.27877273798233	25.016478674352214	24.712364386235656
68-69	25.069879183725746	25.263428198667835	24.99665672368967	24.670035893916744
70-71	25.106038425774674	25.382482847880173	24.900228694931016	24.61125003141414
72-73	25.102578612182626	25.371078659784	24.878726457348378	24.647616270684995
74-75	25.160210515037946	25.408438039183217	24.916318842842806	24.51503260293603
76-77	25.168006577472628	25.471039688996385	24.870047318782948	24.49090641474804
78-79	25.26073012919546	25.446453118220173	24.796061327861242	24.496755424723123
80-81	25.292811167884167	25.52421333240326	24.7831576804105	24.399817819302072
82-83	25.315963659308533	25.648628928256294	24.74972724370335	24.285680168731822
84-85	25.439961376408355	25.815925729371315	24.553905526430977	24.190207367789352
86-87	25.58377492076555	26.019399482973625	24.383557556092335	24.01326804016849
88-89	25.703831982418123	26.112806355693017	24.359708923110084	23.823652738778772
90-91	26.084289378508036	25.725496088174378	24.115970336663842	24.07424419665375
92-93	25.443281755481134	25.485397418713042	24.57904666130875	24.492274164497072
94-95	25.481137589348794	25.55277257569984	24.504182832283952	24.461907002667413
96-97	25.449148628845066	25.611710420818223	24.480394355702572	24.458746594634135
98-99	25.45471824269515	25.80345718232513	24.34007731652598	24.40174725845374
100-101	25.539763200660353	26.305709006439283	24.168514186645453	23.986013606254915
102-103	25.867487966691723	26.718086186257757	23.84132939793738	23.573096449113145
104-105	26.061190247899628	26.88593957898	23.705989429560535	23.346880743559836
106-107	26.868551875896472	26.80806695968248	23.212518242894546	23.110862921526497
108	27.568044163696054	27.281253724551156	22.41373939518707	22.73696271656572
>>END_MODULE
>>Per sequence GC content	pass
#GC Content	Count
0	72.0
1	56.0
2	38.5
3	27.5
4	17.0
5	13.0
6	11.5
7	21.0
8	29.0
9	38.0
10	49.5
11	65.5
12	96.0
13	124.0
14	160.0
15	195.0
16	232.5
17	268.5
18	304.0
19	388.0
20	480.0
21	629.0
22	871.0
23	1214.0
24	1808.5
25	2699.5
26	3954.0
27	5553.0
28	7856.5
29	11262.0
30	13837.5
31	17272.5
32	23049.5
33	29483.0
34	37132.0
35	45965.5
36	55551.0
37	65744.5
38	76709.5
39	88212.0
40	96702.0
41	105380.0
42	115041.5
43	121453.5
44	125358.5
45	127371.5
46	129253.0
47	130391.5
48	130661.5
49	131292.0
50	132835.0
51	133108.0
52	129750.5
53	125562.0
54	121788.0
55	116446.5
56	110147.0
57	103614.0
58	97268.5
59	91217.5
60	86556.0
61	80086.0
62	69396.5
63	58492.0
64	48382.0
65	38777.5
66	30508.0
67	24086.5
68	18822.5
69	14449.5
70	11612.5
71	9181.5
72	6759.0
73	5089.5
74	3813.5
75	2841.0
76	2152.5
77	1686.5
78	1308.0
79	1067.5
80	919.5
81	762.5
82	585.0
83	441.5
84	316.0
85	239.5
86	184.5
87	149.0
88	126.0
89	85.0
90	65.0
91	51.5
92	29.0
93	20.0
94	14.0
95	8.0
96	6.0
97	3.5
98	2.5
99	1.0
100	0.0
>>END_MODULE
>>Per base N content	pass
#Base	N-Count
1	0.08167207284848264
2	0.003883181377765279
3	5.010556616471328E-4
4	0.0011273752387060488
5	3.13159788529458E-4
6	7.82899471323645E-4
7	6.26319577058916E-5
8	2.505278308235664E-4
9	8.768474078824825E-4
10-11	4.071077250882954E-4
12-13	4.3842370394124125E-4
14-15	0.0020355386254414768
16-17	9.864533338677928E-4
18-19	8.611894184560095E-4
20-21	9.394793655883739E-4
22-23	8.925053973089553E-4
24-25	0.003319493758412255
26-27	0.001550140953220817
28-29	0.01235415365748712
30-31	0.025240678955474313
32-33	0.03233374816566654
34-35	0.07686507009455547
36-37	0.100821793917059
38-39	0.10566011264983913
40-41	0.08272115814005633
42-43	0.0853360423742773
44-45	0.09916204703785288
46-47	0.08777868872480708
48-49	0.10594195645951565
50-51	0.11380226715160505
52-53	0.14153256642588855
54-55	0.16841733427114253
56-57	0.15141275775399293
58-59	0.14958077299109562
60-61	0.162075848553421
62-63	0.12001848895391479
64-65	0.1003677122236913
66-67	0.18178925724135037
68-69	0.24301199589885938
70-71	0.3124708369946932
72-73	0.3312291083276077
74-75	0.3285829081145338
76-77	0.32169339276688574
78-79	0.33072805266596056
80-81	0.33519057965250537
82-83	0.3422836488626976
84-85	0.30412512863038316
86-87	0.30276288355027997
88-89	0.3339066245195346
90-91	0.4264886763035368
92-93	0.669674559299753
94-95	0.7275617963082751
96-97	0.8113300131188633
98-99	0.8401726655120632
100-101	0.8414515695855073
102-103	0.8656161254995298
104-105	0.7701358398058219
106-107	0.6779874357771395
108	0.6030369259992447
>>END_MODULE
>>Sequence Length Distribution	warn
#Length	Count
90	1707611.0
91	0.0
92	0.0
93	0.0
94	0.0
95	0.0
96	0.0
97	0.0
98	0.0
99	0.0
100	0.0
101	0.0
102	0.0
103	0.0
104	0.0
105	0.0
106	0.0
107	0.0
108	1485647.0
>>END_MODULE
>>Sequence Duplication Levels	pass
#Total Deduplicated Percentage	79.76758462122066
#Duplication Level	Percentage of deduplicated	Percentage of total
1	84.0191143401468	67.02001812927675
2	11.233160179735831	17.920841104016088
3	2.7955750614221113	6.689888108308873
4	0.9926078093972345	3.1671170972711353
5	0.4219253650753264	1.682798363124276
6	0.19920640605628295	0.9534128311310279
7	0.11399133640709293	0.6364969501057172
8	0.06896565395705374	0.4400978910381685
9	0.04239009208864557	0.3043219732004135
>10	0.11299707539960445	1.1818693852508182
>50	6.668031397614867E-5	0.003138167276720581
>100	0.0	0.0
>500	0.0	0.0
>1k	0.0	0.0
>5k	0.0	0.0
>10k+	0.0	0.0
>>END_MODULE
>>Overrepresented sequences	pass
>>END_MODULE
>>Adapter Content	pass
#Position	Illumina Universal Adapter	Illumina Small RNA 3' Adapter	Illumina Small RNA 5' Adapter	Nextera Transposase Sequence	SOLID Small RNA Adapter
1	0.0	0.0	0.0	0.0	0.0
2	0.0	0.0	0.0	0.0	0.0
3	0.0	0.0	0.0	0.0	0.0
4	0.0	0.0	0.0	0.0	0.0
5	0.0	0.0	0.0	0.0	0.0
6	0.0	0.0	0.0	0.0	0.0
7	0.0	0.0	0.0	0.0	0.0
8	0.0	0.0	0.0	0.0	0.0
9	0.0	0.0	0.0	0.0	0.0
10-11	0.0	0.0	0.0	0.0	0.0
12-13	0.0	0.0	0.0	0.0	0.0
14-15	0.0	0.0	0.0	0.0	0.0
16-17	0.0	0.0	0.0	0.0	0.0
18-19	0.0	3.13159788529458E-5	0.0	0.0	0.0
20-21	0.0	6.26319577058916E-5	0.0	0.0	0.0
22-23	0.0	6.26319577058916E-5	0.0	0.0	0.0
24-25	0.0	6.26319577058916E-5	0.0	0.0	0.0
26-27	0.0	6.26319577058916E-5	0.0	0.0	0.0
28-29	0.0	6.26319577058916E-5	0.0	0.0	0.0
30-31	1.56579894264729E-5	9.39479365588374E-5	0.0	0.0	0.0
32-33	1.7223788369120192E-4	9.39479365588374E-5	0.0	0.0	0.0
34-35	5.793456087794973E-4	1.252639154117832E-4	0.0	0.0	0.0
36-37	0.001393561058956088	1.409219048382561E-4	0.0	0.0	0.0
38-39	0.0027558061390592307	1.56579894264729E-4	0.0	0.0	0.0
40-41	0.004885292701059545	1.7223788369120192E-4	0.0	0.0	0.0
42-43	0.007265307093883426	2.192118519706206E-4	0.0	3.13159788529458E-5	0.0
44-45	0.010804012704266302	2.192118519706206E-4	0.0	6.26319577058916E-5	0.0
46-47	0.01592417524672294	2.192118519706206E-4	0.0	6.26319577058916E-5	0.0
48-49	0.022453556837562137	2.192118519706206E-4	0.0	6.26319577058916E-5	0.0
50-51	0.031237688905813438	2.192118519706206E-4	0.0	6.26319577058916E-5	0.0
52-53	0.043247366795918146	2.818438096765122E-4	0.0	6.26319577058916E-5	0.0
54-55	0.05785627093081737	2.975017991029851E-4	0.0	6.26319577058916E-5	0.0
56-57	0.07730349379849671	3.13159788529458E-4	0.0	6.26319577058916E-5	0.0
58-59	0.1037654959292359	3.757917462353496E-4	0.0	7.82899471323645E-5	0.0
60-61	0.1362401659997407	4.0710772508829537E-4	0.0	9.39479365588374E-5	0.0
62-63	0.1748997418937023	4.384237039412412E-4	0.0	9.39479365588374E-5	0.0
64-65	0.22218686996165044	4.384237039412412E-4	0.0	9.39479365588374E-5	0.0
66-67	0.27556495591649655	4.384237039412412E-4	0.0	9.39479365588374E-5	0.0
68-69	0.33926165690338833	4.69739682794187E-4	0.0	1.096059259853103E-4	0.0
70-71	0.41124143429688426	5.010556616471328E-4	0.0	1.252639154117832E-4	0.0
72-73	0.49114415434017544	5.167136510736056E-4	0.0	1.252639154117832E-4	0.0
74-75	0.5855148566135276	5.636876193530244E-4	0.0	1.252639154117832E-4	0.0
76-77	0.6827666289413508	5.793456087794973E-4	0.0	1.252639154117832E-4	0.0
78-79	0.8121016216040169	5.950035982059702E-4	0.0	1.252639154117832E-4	0.0
80-81	0.8653387856540249	5.950035982059702E-4	0.0	1.252639154117832E-4	0.0
82-83	0.8951046235537499	5.950035982059702E-4	0.0	1.252639154117832E-4	0.0
84-85	0.9280333753176223	5.950035982059702E-4	0.0	1.252639154117832E-4	0.0
86-87	0.9648296504698337	5.950035982059702E-4	0.0	1.252639154117832E-4	0.0
88-89	1.0090634705996195	5.950035982059702E-4	0.0	1.252639154117832E-4	0.0
90-91	1.057415341948568	5.950035982059702E-4	0.0	1.252639154117832E-4	0.0
92-93	1.1087265732991196	5.950035982059702E-4	0.0	1.252639154117832E-4	0.0
94-95	1.1687593047602167	6.106615876324431E-4	0.0	1.252639154117832E-4	0.0
96-97	1.278787996460042	6.26319577058916E-4	0.0	1.252639154117832E-4	0.0
>>END_MODULE
