##FastQC	0.11.9
>>Basic Statistics	pass
#Measure	Value
Filename	SRR925780_3.bam
File type	Conventional base calls
Encoding	Sanger / Illumina 1.9
Total Sequences	5087488
Sequences flagged as poor quality	0
Sequence length	90-108
%GC	49
>>END_MODULE
>>Per base sequence quality	pass
#Base	Mean	Median	Lower Quartile	Upper Quartile	10th Percentile	90th Percentile
1	30.0	30.0	30.0	30.0	30.0	30.0
2	30.0	30.0	30.0	30.0	30.0	30.0
3	30.0	30.0	30.0	30.0	30.0	30.0
4	30.0	30.0	30.0	30.0	30.0	30.0
5	30.0	30.0	30.0	30.0	30.0	30.0
6	30.0	30.0	30.0	30.0	30.0	30.0
7	30.0	30.0	30.0	30.0	30.0	30.0
8	30.0	30.0	30.0	30.0	30.0	30.0
9	30.0	30.0	30.0	30.0	30.0	30.0
10-11	30.0	30.0	30.0	30.0	30.0	30.0
12-13	30.0	30.0	30.0	30.0	30.0	30.0
14-15	30.0	30.0	30.0	30.0	30.0	30.0
16-17	30.0	30.0	30.0	30.0	30.0	30.0
18-19	30.0	30.0	30.0	30.0	30.0	30.0
20-21	30.0	30.0	30.0	30.0	30.0	30.0
22-23	30.0	30.0	30.0	30.0	30.0	30.0
24-25	30.0	30.0	30.0	30.0	30.0	30.0
26-27	30.0	30.0	30.0	30.0	30.0	30.0
28-29	30.0	30.0	30.0	30.0	30.0	30.0
30-31	30.0	30.0	30.0	30.0	30.0	30.0
32-33	30.0	30.0	30.0	30.0	30.0	30.0
34-35	30.0	30.0	30.0	30.0	30.0	30.0
36-37	30.0	30.0	30.0	30.0	30.0	30.0
38-39	30.0	30.0	30.0	30.0	30.0	30.0
40-41	30.0	30.0	30.0	30.0	30.0	30.0
42-43	30.0	30.0	30.0	30.0	30.0	30.0
44-45	30.0	30.0	30.0	30.0	30.0	30.0
46-47	30.0	30.0	30.0	30.0	30.0	30.0
48-49	30.0	30.0	30.0	30.0	30.0	30.0
50-51	30.0	30.0	30.0	30.0	30.0	30.0
52-53	30.0	30.0	30.0	30.0	30.0	30.0
54-55	30.0	30.0	30.0	30.0	30.0	30.0
56-57	30.0	30.0	30.0	30.0	30.0	30.0
58-59	30.0	30.0	30.0	30.0	30.0	30.0
60-61	30.0	30.0	30.0	30.0	30.0	30.0
62-63	30.0	30.0	30.0	30.0	30.0	30.0
64-65	30.0	30.0	30.0	30.0	30.0	30.0
66-67	30.0	30.0	30.0	30.0	30.0	30.0
68-69	30.0	30.0	30.0	30.0	30.0	30.0
70-71	30.0	30.0	30.0	30.0	30.0	30.0
72-73	30.0	30.0	30.0	30.0	30.0	30.0
74-75	30.0	30.0	30.0	30.0	30.0	30.0
76-77	30.0	30.0	30.0	30.0	30.0	30.0
78-79	30.0	30.0	30.0	30.0	30.0	30.0
80-81	30.0	30.0	30.0	30.0	30.0	30.0
82-83	30.0	30.0	30.0	30.0	30.0	30.0
84-85	30.0	30.0	30.0	30.0	30.0	30.0
86-87	30.0	30.0	30.0	30.0	30.0	30.0
88-89	30.0	30.0	30.0	30.0	30.0	30.0
90-91	30.0	30.0	30.0	30.0	30.0	30.0
92-93	30.0	30.0	30.0	30.0	30.0	30.0
94-95	30.0	30.0	30.0	30.0	30.0	30.0
96-97	30.0	30.0	30.0	30.0	30.0	30.0
98-99	30.0	30.0	30.0	30.0	30.0	30.0
100-101	30.0	30.0	30.0	30.0	30.0	30.0
102-103	30.0	30.0	30.0	30.0	30.0	30.0
104-105	30.0	30.0	30.0	30.0	30.0	30.0
106-107	30.0	30.0	30.0	30.0	30.0	30.0
108	30.0	30.0	30.0	30.0	30.0	30.0
>>END_MODULE
>>Per sequence quality scores	pass
#Quality	Count
30	5087488.0
>>END_MODULE
>>Per base sequence content	pass
#Base	G	A	T	C
1	21.901417898674087	27.457106784817675	26.133160274601558	24.508315041906677
2	25.652426119178394	28.24833147608713	24.26936904016114	21.829873364573334
3	24.979744304523006	25.440465552737734	25.179863892733856	24.399926250005404
4	24.667278369693495	25.172424773500836	25.222528597902755	24.937768258902913
5	24.399602631094787	25.32489664791731	26.093295205627008	24.182205515360895
6	24.472376447537204	24.90817571294291	25.275610455093865	25.34383738442602
7	24.61725678154467	24.940795882601304	25.612542466964022	24.829404868890006
8	23.86348737909268	25.186521947741813	25.980157921293312	24.969832751872197
9	24.065139219277587	24.822199447187803	26.016198317346912	25.096463016187702
10-11	24.002218395384258	25.24433111133432	25.8814662166452	24.871984276636226
12-13	23.912269409802906	25.052169927968986	26.101160667260086	24.93439999496802
14-15	23.95592930022206	25.06706312553183	26.057456788584908	24.919550785661198
16-17	23.975269603562587	25.04182126768098	25.98070516441181	25.00220396434462
18-19	24.040521382326563	24.91944127077728	25.898617919139056	25.1414194277571
20-21	24.12559467660384	24.95573894004221	25.851299349828764	25.067367033525183
22-23	24.140192523438884	25.055516707101273	25.804538930000547	24.999751839459293
24-25	24.218098637694357	24.98971702935617	25.68857572527008	25.103608607679384
26-27	24.22280682632472	25.005250724167492	25.691319140145147	25.080623309362643
28-29	24.30571227939945	25.087874567802604	25.603887004707875	25.002526148090077
30-31	24.39378850602284	25.020374337281055	25.545093397535023	25.040743759161078
32-33	24.42200430306441	25.06424905391179	25.51056122703797	25.003185415985836
34-35	24.47315583024094	25.08353562112722	25.489589904059567	24.953718644572273
36-37	24.49457207395781	25.007066599986956	25.44852617731327	25.049835148741966
38-39	24.53887552800052	25.085139791799723	25.414079036528374	24.961905643671386
40-41	24.578982428238838	25.07503380849499	25.40429530190779	24.941688461358375
42-43	24.609012919992214	25.05236884230208	25.321937427311948	25.016680810393755
44-45	24.607791573030724	25.107193109732567	25.33532342302511	24.9496918942116
46-47	24.6526544715935	25.10737762118753	25.313072830663163	24.9268950765558
48-49	24.685526763455716	25.108674669824012	25.23979660407276	24.966001962647518
50-51	24.712584979795345	25.1119846061263	25.24424864931668	24.93118176476168
52-53	24.70407599842917	25.183760965570595	25.236978369541575	24.875184666458665
54-55	24.766782531269758	25.172354586247586	25.172748393316386	24.88811448916627
56-57	24.848290007472176	25.176864975473524	25.139814161226752	24.835030855827544
58-59	24.832722046239173	25.247272536138315	25.153960287960807	24.7660451296617
60-61	24.886001379963865	25.199776299765404	25.09442337287464	24.819798947396087
62-63	24.922609377876718	25.22606110934152	25.103383479917703	24.747946032864064
64-65	24.96105066974352	25.303556854019604	25.07742642816834	24.65796604806853
66-67	24.99364667352035	25.30734986087667	25.019995378145758	24.67900808745722
68-69	25.04891722004374	25.30241975211334	24.984925811346038	24.663737216496877
70-71	25.078244919983383	25.395897851398686	24.978302408863957	24.547554819753973
72-73	25.133626982020164	25.3822337153764	24.89425018410566	24.589889118497776
74-75	25.181117797812686	25.42890923057353	24.899572929804094	24.49040004180969
76-77	25.194478760439537	25.49231387991918	24.87536547808374	24.437841881557542
78-79	25.276145926459304	25.466169745013083	24.812387225744946	24.44529710278267
80-81	25.283779512650202	25.54597940604644	24.784753590973885	24.38548749032948
82-83	25.32017364695087	25.665895502943197	24.725271690730274	24.288659159375655
84-85	25.474519614542125	25.81825803381466	24.547736085159823	24.15948626648339
86-87	25.604795460460423	26.032772857401987	24.386194073992286	23.976237608145304
88-89	25.701712181964286	26.11878960670077	24.331248718666558	23.84824949266838
90-91	26.08979092971181	25.718411468727798	24.120071189367703	24.07172641219269
92-93	25.517414353254885	25.37574049069149	24.575796047403298	24.531049108650326
94-95	25.52871121004824	25.530092419941358	24.528672748665063	24.412523621345343
96-97	25.54497462973967	25.526684392600362	24.457045803432695	24.47129517422727
98-99	25.572094087953335	25.759519442242567	24.397781700732978	24.270604769071113
100-101	25.58543064335567	26.27822480962202	24.184013823545556	23.952330723476752
102-103	25.927255517739034	26.711415194354558	23.844965779995224	23.51636350791118
104-105	26.164777172323245	26.842384538459967	23.70212062150928	23.290717667707504
106-107	26.931081596845747	26.799760508395053	23.169389761542735	23.09976813321646
108	27.704134949315907	27.22178503424922	22.393871558418077	22.680208458016796
>>END_MODULE
>>Per sequence GC content	pass
#GC Content	Count
0	58.0
1	45.0
2	27.0
3	19.5
4	18.5
5	20.0
6	21.5
7	22.0
8	38.5
9	59.0
10	82.0
11	114.5
12	146.0
13	189.5
14	240.0
15	295.5
16	375.5
17	445.5
18	549.5
19	691.0
20	780.5
21	943.0
22	1302.0
23	1969.0
24	2979.0
25	4395.5
26	6636.5
27	9543.5
28	13520.0
29	19063.0
30	23473.0
31	28951.0
32	38126.0
33	49209.5
34	62399.0
35	77318.0
36	94001.0
37	111325.0
38	128697.0
39	146676.5
40	159061.0
41	170588.5
42	184602.5
43	193239.0
44	197172.0
45	199967.0
46	201504.5
47	199998.5
48	196369.0
49	193802.0
50	193758.0
51	192972.5
52	190721.5
53	187785.5
54	185035.5
55	183556.0
56	179907.0
57	172684.5
58	164001.5
59	153535.0
60	145872.5
61	135428.5
62	117629.0
63	99414.0
64	81568.5
65	65465.0
66	51839.5
67	40141.0
68	30637.0
69	22955.5
70	18141.0
71	14457.5
72	10408.0
73	7723.5
74	5833.5
75	4356.5
76	3266.5
77	2484.0
78	1911.5
79	1455.5
80	1201.5
81	1038.5
82	802.0
83	605.5
84	466.5
85	351.5
86	269.5
87	197.0
88	137.5
89	98.5
90	77.5
91	66.0
92	42.5
93	25.5
94	18.5
95	13.0
96	6.0
97	2.5
98	1.5
99	1.0
100	0.0
>>END_MODULE
>>Per base N content	pass
#Base	N-Count
1	0.07960706737784935
2	0.004068805665978966
3	5.896819805766617E-4
4	0.0010221154329995471
5	4.7174558446132946E-4
6	0.0010614275650379912
7	7.862426407688824E-5
8	3.34153122326775E-4
9	9.041790368842148E-4
10-11	5.307137825189956E-4
12-13	5.208857495093846E-4
14-15	0.0022997597242489813
16-17	0.001267816258239823
18-19	9.92631333970714E-4
20-21	0.0011597078951341014
22-23	0.0010909116640668243
24-25	0.0038034487747194688
26-27	0.0018574982388164848
28-29	0.013601997685301665
30-31	0.028167142605545214
32-33	0.03557747949479193
34-35	0.08211321579530015
36-37	0.10776438195038494
38-39	0.1120100922105369
40-41	0.08739086952146129
42-43	0.08946458448648921
44-45	0.10427543023197304
46-47	0.09287491194082424
48-49	0.10962188018920144
50-51	0.11766121119106325
52-53	0.14512073541991646
54-55	0.17413308886428822
56-57	0.156806266668344
58-59	0.1527079769033362
60-61	0.16451144454787903
62-63	0.12352854689780103
64-65	0.10307641020480048
66-67	0.18554343518844665
68-69	0.2474305590499673
70-71	0.3159221210939466
72-73	0.3347428043073517
74-75	0.33204992326271826
76-77	0.32553393737734615
78-79	0.3355487030141398
80-81	0.34025633082574347
82-83	0.3471457819654808
84-85	0.30965183603381474
86-87	0.3067918784280179
88-89	0.3358533720374377
90-91	0.42951993875992056
92-93	0.6759273751430682
94-95	0.7325218436085797
96-97	0.8180990924213193
98-99	0.8481365590985047
100-101	0.8513428055415752
102-103	0.8742927800814472
104-105	0.7771350753657758
106-107	0.6842593971497313
108	0.6077946382278232
>>END_MODULE
>>Sequence Length Distribution	warn
#Length	Count
90	2717115.0
91	0.0
92	0.0
93	0.0
94	0.0
95	0.0
96	0.0
97	0.0
98	0.0
99	0.0
100	0.0
101	0.0
102	0.0
103	0.0
104	0.0
105	0.0
106	0.0
107	0.0
108	2370373.0
>>END_MODULE
>>Sequence Duplication Levels	pass
#Total Deduplicated Percentage	81.90560276977635
#Duplication Level	Percentage of deduplicated	Percentage of total
1	83.85602314438438	68.6827812151712
2	12.113949056710286	19.844005988244394
3	2.8119028329753952	6.909317893946746
4	0.7899240645536314	2.587968265984676
5	0.2744604819583956	1.123992560564286
6	0.09233963891615277	0.45378802709825944
7	0.03381781541496959	0.19389079891440833
8	0.01475677565689702	0.09669300840932102
9	0.005594154053747426	0.041237330378325374
>10	0.007188867434232866	0.06427420743234462
>50	4.316794192296925E-5	0.002050703856048267
>100	0.0	0.0
>500	0.0	0.0
>1k	0.0	0.0
>5k	0.0	0.0
>10k+	0.0	0.0
>>END_MODULE
>>Overrepresented sequences	pass
>>END_MODULE
>>Adapter Content	pass
#Position	Illumina Universal Adapter	Illumina Small RNA 3' Adapter	Illumina Small RNA 5' Adapter	Nextera Transposase Sequence	SOLID Small RNA Adapter
1	0.0	0.0	0.0	0.0	0.0
2	0.0	0.0	0.0	0.0	0.0
3	0.0	0.0	0.0	1.965606601922206E-5	0.0
4	0.0	0.0	0.0	5.896819805766618E-5	0.0
5	0.0	0.0	0.0	7.862426407688824E-5	0.0
6	5.896819805766618E-5	0.0	0.0	7.862426407688824E-5	0.0
7	5.896819805766618E-5	0.0	0.0	1.1793639611533237E-4	0.0
8	5.896819805766618E-5	0.0	0.0	1.572485281537765E-4	0.0
9	1.1793639611533237E-4	0.0	0.0	1.7690459417299853E-4	0.0
10-11	1.1793639611533237E-4	0.0	0.0	1.7690459417299853E-4	0.0
12-13	1.572485281537765E-4	0.0	0.0	1.965606601922206E-4	0.0
14-15	1.7690459417299853E-4	0.0	0.0	2.0638869320183163E-4	1.965606601922206E-5
16-17	1.7690459417299853E-4	0.0	0.0	2.653568912594978E-4	1.965606601922206E-5
18-19	1.7690459417299853E-4	0.0	0.0	3.0466902329794195E-4	1.965606601922206E-5
20-21	1.8673262718260956E-4	0.0	0.0	4.0294935339405224E-4	1.965606601922206E-5
22-23	1.965606601922206E-4	0.0	0.0	4.324334524228853E-4	1.965606601922206E-5
24-25	1.965606601922206E-4	1.965606601922206E-5	0.0	4.7174558446132946E-4	1.965606601922206E-5
26-27	1.965606601922206E-4	1.965606601922206E-5	0.0	4.914016504805515E-4	1.965606601922206E-5
28-29	1.965606601922206E-4	1.965606601922206E-5	0.0	5.110577164997736E-4	1.965606601922206E-5
30-31	2.1621672621144268E-4	1.965606601922206E-5	0.0	5.503698485382177E-4	1.965606601922206E-5
32-33	2.850129572787199E-4	1.965606601922206E-5	0.0	5.700259145574397E-4	1.965606601922206E-5
34-35	8.452108388265486E-4	1.965606601922206E-5	0.0	6.191660796054949E-4	1.965606601922206E-5
36-37	0.0018476702058068738	1.965606601922206E-5	0.0	6.58478211643939E-4	1.965606601922206E-5
38-39	0.0031842826951139734	1.965606601922206E-5	0.0	6.879623106727721E-4	1.965606601922206E-5
40-41	0.005081093065968902	1.965606601922206E-5	0.0	7.076183766919941E-4	1.965606601922206E-5
42-43	0.007646209681477382	1.965606601922206E-5	0.0	7.076183766919941E-4	1.965606601922206E-5
44-45	0.011764155512504402	1.965606601922206E-5	0.0	7.174464097016052E-4	1.965606601922206E-5
46-47	0.01669782808332914	1.965606601922206E-5	0.0	7.272744427112162E-4	1.965606601922206E-5
48-49	0.023891948246364415	1.965606601922206E-5	0.0	7.567585417400493E-4	1.965606601922206E-5
50-51	0.033326859935591	1.965606601922206E-5	0.0	7.665865747496604E-4	1.965606601922206E-5
52-53	0.04408855608111508	1.965606601922206E-5	0.0	8.746949378553817E-4	1.965606601922206E-5
54-55	0.0582704077139838	1.965606601922206E-5	0.0	9.140070698938259E-4	1.965606601922206E-5
56-57	0.07779870930408092	1.965606601922206E-5	0.0	9.63147234941881E-4	1.965606601922206E-5
58-59	0.10579877534846274	1.965606601922206E-5	0.0	9.82803300961103E-4	2.948409902883309E-5
60-61	0.13813300395008304	1.965606601922206E-5	0.0	9.82803300961103E-4	3.931213203844412E-5
62-63	0.17525348462738388	1.965606601922206E-5	0.0	0.001012287399989936	3.931213203844412E-5
64-65	0.2224182150405072	1.965606601922206E-5	0.0	0.0010319434660091581	3.931213203844412E-5
66-67	0.27411366867106124	1.965606601922206E-5	0.0	0.0010417714990187692	3.931213203844412E-5
68-69	0.3372784368238313	1.965606601922206E-5	0.0	0.0010712555980476022	3.931213203844412E-5
70-71	0.4084530518794344	1.965606601922206E-5	0.0	0.0010909116640668243	3.931213203844412E-5
72-73	0.49071368816987876	1.965606601922206E-5	0.0	0.0011400518291148794	3.931213203844412E-5
74-75	0.5864878698485383	1.965606601922206E-5	0.0	0.0011891919941629347	3.931213203844412E-5
76-77	0.6869205391737534	1.965606601922206E-5	0.0	0.0012186760931917678	3.931213203844412E-5
78-79	0.8161984853821769	1.965606601922206E-5	0.0	0.0012186760931917678	3.931213203844412E-5
80-81	0.8723755220651135	1.965606601922206E-5	0.0	0.0012481601922206009	3.931213203844412E-5
82-83	0.9021839461832637	1.965606601922206E-5	0.0	0.001257988225230212	3.931213203844412E-5
84-85	0.9353044174256528	1.965606601922206E-5	0.0	0.001257988225230212	5.896819805766618E-5
86-87	0.9726018026971267	1.965606601922206E-5	0.0	0.001257988225230212	7.862426407688824E-5
88-89	1.0173291809238665	1.965606601922206E-5	0.0	0.001297300357268656	7.862426407688824E-5
90-91	1.0654963707039702	1.965606601922206E-5	0.0	0.001297300357268656	7.862426407688824E-5
92-93	1.1158945239772557	1.965606601922206E-5	0.0	0.001297300357268656	7.862426407688824E-5
94-95	1.1757963851708348	1.965606601922206E-5	0.0	0.001297300357268656	7.862426407688824E-5
96-97	1.2852905009309112	1.965606601922206E-5	0.0	0.001316956423287878	7.862426407688824E-5
>>END_MODULE
